0.001 20
 55
0.001 -0.0173798 0.00354923 -0.00194181
4
161 5.4381e-05 0.138846 0.990287 0.00726447
163 0.000151942 0.253027 -0.0215484 -0.967219
169 0.000161036 0.147607 -0.369614 -0.917386
171 0.0004929 -0.325665 -0.90993 0.256844
0.001 -0.0174742 0.00809133 0.00401203
3
172 5.81351e-05 0.368299 0.929507 0.0192892
173 0.000463241 -0.351608 -0.72305 0.594619
174 0.000401959 -0.424443 -0.885665 -0.188272
0.001 -0.018932 -0.00441428 0.00215954
6
164 0.000180744 -0.17292 -0.803596 0.569501
165 0.00020719 -0.00173471 -0.976743 -0.214404
167 0.000140651 -0.21553 -0.646086 0.732202
177 0.000550234 -0.397066 0.816032 0.420037
179 5.89284e-05 -0.287277 0.957729 -0.0150654
187 0.000395465 -0.409439 -0.21727 -0.886089
0.001 -0.012261 0.00396686 0.0158643
7
191 6.20942e-05 0.0714172 0.990876 -0.114296
192 0.000341583 0.48721 0.0209825 0.873033
193 0.000337502 0.449618 -0.145421 0.881304
194 0.000510974 -0.0788157 -0.898515 0.431808
209 0.000508835 -0.992116 -0 -0.125323
211 0.00016468 -0.883061 -0.467773 -0.0373156
234 0.0002041 -0.776522 -0.625923 0.0723419
0.001 -0.0102691 -0.00293284 0.0166646
5
200 6.04187e-05 -0.110371 0.97807 0.176628
201 7.43453e-05 0.735255 -0.657536 0.164461
202 0.00012419 0.436704 -0.893577 0.103968
203 0.000475058 -0.96637 -0.2336 -0.107522
205 0.000464959 -0.988201 -0.105138 -0.111377
0.001 0.00793093 0.00396686 0.0184149
7
207 6.20942e-05 -0.0653392 0.990877 -0.117874
208 0.000516083 0.986777 0.119221 0.109811
209 0.000508835 0.992116 0 0.125323
210 0.000372054 0.965994 -0.207047 0.154879
213 0.00171689 -0.995732 -0.0743057 -0.0547462
220 0.000724485 -0.51527 -0.834217 0.196416
222 0.00170536 -0.822138 -0.562437 0.0880526
0.001 -0.0176818 0.00139523 -0.00195761
5
161 5.4381e-05 -0.138846 -0.990287 -0.00726447
162 0.000161034 0.191853 -0.354751 -0.915065
164 0.000180744 0.17292 0.803596 -0.569501
166 5.43809e-05 0.0172826 0.99985 0.000936835
243 0.000544553 -0.30864 -0.922513 0.231756
0.001 -0.0183306 0.00592996 0.00396718
6
168 5.8135e-05 0.252435 0.967523 0.0132596
169 0.000161036 -0.147607 0.369614 0.917386
170 0.00051042 -0.361056 -0.762085 0.537461
172 5.81351e-05 -0.368299 -0.929507 -0.0192892
193 0.000337502 -0.449618 0.145421 -0.881304
195 0.00045924 -0.418125 -0.892863 -0.167231
0.001 -0.0182548 -0.00667167 0.00219505
5
178 0.000498559 -0.404265 0.787411 0.465354
179 5.89284e-05 0.287277 -0.957729 0.0150654
181 5.89281e-05 -0.401692 0.915533 -0.021023
184 0.000430906 -0.416345 0.865066 -0.279854
186 0.000404301 -0.358619 -0.352114 -0.864528
0.001 -0.0124384 0.00150588 0.0161481
6
189 6.20941e-05 0.00689781 0.999915 -0.0110305
190 0.00034987 0.462994 -0.155373 0.872637
191 6.20942e-05 -0.0714172 -0.990876 0.114296
202 0.00012419 -0.436704 0.893577 -0.103968
204 0.000517289 -0.992319 1.68795e-08 -0.123704
208 0.000516083 -0.986777 -0.119221 -0.109811
0.001 -0.0100024 -0.00529647 0.0162377
5
198 6.04187e-05 -0.172708 0.945397 0.276399
199 0.000124191 0.493848 -0.869458 0.0125234
200 6.04187e-05 0.110371 -0.97807 -0.176628
217 0.000469672 -0.964086 -0.229902 -0.13298
218 0.00228044 -0.95672 0.289431 -0.0302743
0.001 -0.00592179 0.00907666 0.0152737
4
230 0.000865518 -0.831456 -0.550684 0.0736748
231 5.63945e-05 0.231695 0.899354 -0.370784
233 0.000407633 0.290005 -0.812905 0.505057
234 0.0002041 0.776522 0.625923 -0.0723419
0.001 0.00809321 0.00150588 0.0187076
5
203 0.000475058 0.96637 0.2336 0.107522
204 0.000517289 0.992319 -1.68795e-08 0.123704
206 6.20942e-05 -0.00630758 0.999915 -0.01138
207 6.20942e-05 0.0653392 -0.990877 0.117874
212 0.00171814 -0.992644 -0.110062 -0.0504463
0.001 -0.0177194 -0.000779573 -0.00195964
4
166 5.43809e-05 -0.0172826 -0.99985 -0.000936835
167 0.000140651 0.21553 0.646086 -0.732202
176 0.000585914 -0.321147 0.921433 0.21869
244 0.000595338 -0.28389 -0.935149 0.211901
0.001 -0.0189176 0.00368019 0.00393635
7
162 0.000161034 -0.191853 0.354751 0.915065
163 0.000151942 -0.253027 0.0215484 0.967219
165 0.00020719 0.00173471 0.976743 0.214404
168 5.8135e-05 -0.252435 -0.967523 -0.0132596
188 0.000365096 -0.442513 0.318956 -0.838123
190 0.00034987 -0.462994 0.155373 -0.872637
192 0.000341583 -0.48721 -0.0209825 -0.873033
0.001 -0.017308 -0.00882959 0.0022446
3
180 0.000448004 -0.397048 0.755841 0.520631
181 5.89281e-05 0.401692 -0.915533 0.021023
183 0.000374351 -0.416012 0.851637 -0.318824
0.001 -0.0124555 -0.000977553 0.0161755
8
185 0.000564755 -0.0609387 0.912116 0.405377
186 0.000404301 0.358619 0.352114 0.864528
187 0.000395465 0.409439 0.21727 0.886089
188 0.000365096 0.442513 -0.318956 0.838123
189 6.20941e-05 -0.00689781 -0.999915 0.0110305
197 0.000180657 -0.397249 0.913874 0.0838294
199 0.000124191 -0.493848 0.869458 -0.0125234
201 7.43453e-05 -0.735255 0.657536 -0.164461
0.001 -0.00958503 -0.00758114 0.0155698
5
196 0.000411849 0.0906898 0.849884 0.519108
197 0.000180657 0.397249 -0.913874 -0.0838294
198 6.04187e-05 0.172708 -0.945397 -0.276399
219 0.00225509 -0.962848 0.267355 -0.03802
227 0.000919318 -0.818656 0.556656 0.141194
0.001 -0.00644442 0.00704802 0.0161101
4
210 0.000372054 -0.965994 0.207047 -0.154879
211 0.00016468 0.883061 0.467773 0.0373156
221 0.00090671 -0.808094 -0.581603 0.0933894
231 5.63945e-05 -0.231695 -0.899354 0.370784
0.001 0.00810887 -0.000977554 0.0187359
5
205 0.000464959 0.988201 0.105138 0.111377
206 6.20942e-05 0.00630758 -0.999915 0.01138
214 0.00172565 -0.988094 -0.145563 -0.0498171
215 0.00189185 -0.913886 0.405956 -0.00347883
217 0.000469672 0.964086 0.229902 0.13298
0.001 0.107957 -0.000259346 -0.00943793
6
261 5.16441e-06 0.6839 -0.177245 0.707719
262 0.000686748 0.213728 0.976697 0.0195623
306 0.000815253 0.528458 -0.835456 0.150815
307 0.00103932 0.262785 -0.875624 -0.405248
309 0.000470331 -0.0352444 -0.369452 -0.928581
311 0.000239425 -0.168325 0.00914912 -0.985689
0.001 0.107816 -0.000222733 -0.00958412
4
257 0.000812081 0.526173 -0.837593 0.146903
258 0.00101267 0.643025 0.723759 0.250382
259 0.000686835 0.208558 0.977906 0.0142384
261 5.16441e-06 -0.6839 0.177245 -0.707719
0.001 0.0907246 0.0269836 -0.0143558
9
252 0.00152175 0.964647 0.238415 0.112311
253 0.000832919 0.762455 0.619336 0.187311
256 0.00143703 0.155791 0.983362 0.0934266
257 0.000812081 -0.526173 0.837593 -0.146903
267 0.00169951 0.9969 0.00971511 -0.0780822
272 0.00017917 0.825982 -0.326138 -0.45977
280 0.000238185 0.100929 -0.464045 -0.880043
282 0.000611042 -0.258098 -0.374683 -0.890504
306 0.000815253 -0.528458 0.835456 -0.150815
0.001 0.0640097 0.0423311 0.0124087
10
222 0.00170536 0.822138 0.562437 -0.0880526
223 0.00108822 0.945337 0.326016 -0.00722327
224 0.000919622 -0.334398 0.904263 -0.265494
235 0.00140261 -0.774514 0.622588 -0.111859
237 0.000849245 -0.972175 0.182231 0.147202
240 0.00193706 0.963618 0.258142 0.0693061
241 0.00166375 0.961083 0.20539 0.184754
273 0.00122528 0.837632 0.326634 0.437816
274 0.000848771 -0.61255 0.383227 0.691317
278 0.000836876 -0.769369 0.326426 0.549106
0.001 0.0779293 -0.0358201 -0.0164564
9
263 0.000673567 0.736199 -0.629373 0.248799
264 0.00224096 0.98314 -0.150015 -0.104555
265 0.000201411 -0.476748 -0.779754 0.405827
283 0.0019986 0.974187 -0.0893796 -0.207295
285 0.00043916 0.660622 0.0334259 -0.749975
287 0.000332862 -0.136645 0.0875817 -0.986741
289 0.000286536 -0.593037 0.0465255 -0.80383
297 0.000416555 -0.88443 -0.152064 -0.441204
305 0.000662324 -0.911863 -0.329625 -0.244649
0.001 5.28511e-05 0.0286632 0.00011402
5
241 0.00166375 -0.961083 -0.20539 -0.184754
242 0.000355871 0.751927 0.444881 -0.486505
275 0.00061955 -0.924332 0.094425 0.369723
276 0.000428568 -0.850794 0.173696 0.495962
277 0.000373709 0.736719 0.479985 0.476297
0.001 0.0926651 -0.0332865 -0.00910537
4
295 0.000217812 0.911277 0.35202 -0.213672
296 0.000475577 -0.507537 -0.0747797 -0.858379
297 0.000416555 0.88443 0.152064 0.441204
302 0.000282785 -0.832913 -0.548034 0.0769089
0.001 0.0848052 0.0293209 -0.0110609
4
271 0.00154888 0.9983 0.0483867 -0.0324907
272 0.00017917 -0.825982 0.326138 0.45977
274 0.000848771 0.61255 -0.383227 -0.691317
279 0.000185113 -0.669601 -0.281418 -0.687342
0.001 0.10862 0.0066909 0.0080308
4
308 0.000791385 0.366061 -0.930383 0.0196575
309 0.000470331 0.0352444 0.369452 0.928581
310 0.000267993 -0.0885275 0.656566 0.749055
312 0.00026851 0.107891 -0.0663051 -0.991949
0.001 0.0580951 -0.018864 -0.0231594
5
248 0.00102055 0.639039 -0.767663 -0.0482018
249 0.00175615 0.97218 0.0499661 -0.228845
251 0.000658906 -0.274265 -0.956723 -0.0972621
255 0.000654934 -0.903758 0.407482 -0.131074
263 0.000673567 -0.736199 0.629373 -0.248799
0.001 0.0763098 0.00906959 0.0221744
6
212 0.00171814 0.992644 0.110062 0.0504463
213 0.00171689 0.995732 0.0743057 0.0547462
214 0.00172565 0.988094 0.145563 0.0498171
216 0.00102256 -0.0232989 0.99671 0.0776341
224 0.000919622 0.334398 -0.904263 0.265494
226 0.0007848 -0.99238 0.0530919 0.111187
0.001 0.0663251 -0.0364072 -0.00328274
4
285 0.00043916 -0.660622 -0.0334259 0.749975
286 0.00167029 0.991977 -0.115736 -0.0508539
288 0.000335915 -0.999068 0.0430861 0.00271063
299 0.000631651 -0.432922 -0.186464 -0.881935
0.001 -0.0106502 0.0223307 0.007039
8
174 0.000401959 0.424443 0.885665 0.188272
175 0.000351845 0.0219686 0.0598411 0.997966
194 0.000510974 0.0788157 0.898515 -0.431808
195 0.00045924 0.418125 0.892863 0.167231
232 0.000862148 -0.971824 -0.168486 -0.164833
233 0.000407633 -0.290005 0.812905 -0.505057
240 0.00193706 -0.963618 -0.258142 -0.0693061
242 0.000355871 -0.751927 -0.444881 0.486505
0.001 0.0229585 0.0263232 -0.009048
6
266 0.000513134 -0.44099 0.674867 0.591678
267 0.00169951 -0.9969 -0.00971511 0.0780822
269 0.000209308 0.993972 0.0761541 -0.0788719
271 0.00154888 -0.9983 -0.0483867 0.0324907
273 0.00122528 -0.837632 -0.326634 -0.437816
275 0.00061955 0.924332 -0.094425 -0.369723
0.001 0.106268 -0.0141306 0.00650111
3
314 0.000619278 -0.048171 -0.869346 -0.491851
315 0.000389834 -0.211695 -0.883986 0.416838
317 0.000454574 0.217158 0.975329 -0.0396934
0.001 0.0653233 0.00635038 -0.0205961
4
250 0.000846963 0.98338 -0.180703 0.0175854
251 0.000658906 0.274265 0.956723 0.0972621
253 0.000832919 -0.762455 -0.619336 -0.187311
254 0.000987234 -0.416503 0.908867 -0.0220394
0.001 0.0797485 -0.0369861 -0.00331916
5
287 0.000332862 0.136645 -0.0875817 0.986741
288 0.000335915 0.999068 -0.0430861 -0.00271063
290 0.000159262 -0.781374 -0.0993419 0.616106
292 0.000622448 -0.803241 -0.170753 -0.570655
298 0.000576803 0.107744 -0.229287 -0.967377
0.001 5.27785e-05 -0.0286751 0.000114716
6
283 0.0019986 -0.974187 0.0893796 0.207295
284 0.000350482 0.730889 -0.449502 0.513566
286 0.00167029 -0.991977 0.115736 0.0508539
300 0.00198868 -0.970667 0.0379817 -0.237411
301 0.000572598 -0.893555 -0.0272988 -0.448122
304 0.000372424 0.747286 -0.476207 -0.463455
0.001 -0.0101932 -0.0223737 -0.00708474
10
176 0.000585914 0.321147 -0.921433 -0.21869
177 0.000550234 0.397066 -0.816032 -0.420037
178 0.000498559 0.404265 -0.787411 -0.465354
180 0.000448004 0.397048 -0.755841 -0.520631
182 0.000353847 0.0625823 -0.0559807 -0.996469
245 0.00109678 0.0174637 -0.999846 -0.00180645
247 0.00141303 -0.746711 -0.61654 0.249602
249 0.00175615 -0.97218 -0.0499661 0.228845
264 0.00224096 -0.98314 0.150015 0.104555
284 0.000350482 -0.730889 0.449502 -0.513566
0.001 0.0772628 -0.0316963 0.0189992
10
215 0.00189185 0.913886 -0.405956 0.00347883
216 0.00102256 0.0232989 -0.99671 -0.0776341
218 0.00228044 0.95672 -0.289431 0.0302743
219 0.00225509 0.962848 -0.267355 0.03802
225 0.00123517 -0.611248 -0.791414 0.00637489
228 0.00143787 0.986666 -0.0634025 0.149903
238 0.000598144 -0.939777 0.0434155 0.33902
298 0.000576803 -0.107744 0.229287 0.967377
299 0.000631651 0.432922 0.186464 0.881935
300 0.00198868 0.970667 -0.0379817 0.237411
0.001 0.0997465 -0.032735 0.0108882
5
238 0.000598144 0.939777 -0.0434155 -0.33902
239 0.00104029 -0.185403 -0.964636 -0.18736
291 0.000595577 0.630536 0.151892 0.761153
292 0.000622448 0.803241 0.170753 0.570655
294 0.000114062 -0.56397 -0.190901 0.803427
0.001 -0.011079 -0.0215814 0.00701844
7
182 0.000353847 -0.0625823 0.0559807 0.996469
183 0.000374351 0.416012 -0.851637 0.318824
184 0.000430906 0.416345 -0.865066 0.279854
185 0.000564755 0.0609387 -0.912116 -0.405377
196 0.000411849 -0.0906898 -0.849884 -0.519108
229 0.000810702 -0.974409 0.199481 -0.103604
304 0.000372424 -0.747286 0.476207 0.463455
0.001 0.0228624 0.0281408 0.0127231
5
220 0.000724485 0.51527 0.834217 -0.196416
221 0.00090671 0.808094 0.581603 -0.0933894
223 0.00108822 -0.945337 -0.326016 0.00722327
230 0.000865518 0.831456 0.550684 -0.0736748
232 0.000862148 0.971824 0.168486 0.164833
0.001 0.08177 -0.0295384 -0.0197258
6
254 0.000987234 0.416503 -0.908867 0.0220394
255 0.000654934 0.903758 -0.407482 0.131074
256 0.00143703 -0.155791 -0.983362 -0.0934266
258 0.00101267 -0.643025 -0.723759 -0.250382
260 0.000566718 -0.89626 -0.10811 -0.430152
265 0.000201411 0.476748 0.779754 -0.405827
0.001 0.10232 -0.031864 0.00722282
7
293 0.000580422 0.757828 0.193372 0.623141
294 0.000114062 0.56397 0.190901 -0.803427
296 0.000475577 0.507537 0.0747797 0.858379
303 0.000446286 0.0130809 -0.267569 0.96345
316 0.00103074 -0.124712 -0.95245 -0.278004
317 0.000454574 -0.217158 -0.975329 0.0396934
318 0.000828453 -0.21877 -0.95113 0.217926
0.001 0.014637 0.0256857 -0.00838769
4
268 0.000632659 -0.686521 0.522173 0.505989
269 0.000209308 -0.993972 -0.0761541 0.0788719
270 0.000649408 0.985423 0.161585 -0.0532125
276 0.000428568 0.850794 -0.173696 -0.495962
0.001 -0.0109594 0.0214885 -0.00700549
10
170 0.00051042 0.361056 0.762085 -0.537461
171 0.0004929 0.325665 0.90993 -0.256844
173 0.000463241 0.351608 0.72305 -0.594619
175 0.000351845 -0.0219686 -0.0598411 -0.997966
243 0.000544553 0.30864 0.922513 -0.231756
244 0.000595338 0.28389 0.935149 -0.211901
245 0.00109678 -0.0174637 0.999846 0.00180645
246 0.00115355 -0.931278 0.195417 0.307464
270 0.000649408 -0.985423 -0.161585 0.0532125
277 0.000373709 -0.736719 -0.479985 -0.476297
0.001 0.0320095 0.012472 -0.0211918
7
246 0.00115355 0.931278 -0.195417 -0.307464
247 0.00141303 0.746711 0.61654 -0.249602
248 0.00102055 -0.639039 0.767663 0.0482018
250 0.000846963 -0.98338 0.180703 -0.0175854
252 0.00152175 -0.964647 -0.238415 -0.112311
266 0.000513134 0.44099 -0.674867 -0.591678
268 0.000632659 0.686521 -0.522173 -0.505989
0.001 0.109569 -0.000346962 1.53602e-06
6
310 0.000267993 0.0885275 -0.656566 -0.749055
311 0.000239425 0.168325 -0.00914912 0.985689
313 0.000508421 0.103644 -0.381099 -0.918706
315 0.000389834 0.211695 0.883986 -0.416838
318 0.000828453 0.21877 0.95113 -0.217926
319 0.000737685 0.253602 0.906286 0.338129
0.001 0.102086 -0.0270878 -0.00997528
7
259 0.000686835 -0.208558 -0.977906 -0.0142384
260 0.000566718 0.89626 0.10811 0.430152
262 0.000686748 -0.213728 -0.976697 -0.0195623
302 0.000282785 0.832913 0.548034 -0.0769089
303 0.000446286 -0.0130809 0.267569 -0.96345
305 0.000662324 0.911863 0.329625 0.244649
319 0.000737685 -0.253602 -0.906286 -0.338129
0.001 0.089763 0.0314045 -0.00597169
4
278 0.000836876 0.769369 -0.326426 -0.549106
279 0.000185113 0.669601 0.281418 0.687342
280 0.000238185 -0.100929 0.464045 0.880043
281 0.0003987 -0.455853 -0.297014 -0.839036
0.001 0.084726 -0.0363533 -0.00724385
5
289 0.000286536 0.593037 -0.0465255 0.80383
290 0.000159262 0.781374 0.0993419 -0.616106
291 0.000595577 -0.630536 -0.151892 -0.761153
293 0.000580422 -0.757828 -0.193372 -0.623141
295 0.000217812 -0.911277 -0.35202 0.213672
0.001 0.0205177 -0.0280499 0.0103779
4
227 0.000919318 0.818656 -0.556656 -0.141194
228 0.00143787 -0.986666 0.0634025 -0.149903
229 0.000810702 0.974409 -0.199481 0.103604
301 0.000572598 0.893555 0.0272988 0.448122
0.001 0.107461 0.00740301 0.0186842
9
225 0.00123517 0.611248 0.791414 -0.00637489
226 0.0007848 0.99238 -0.0530919 -0.111187
235 0.00140261 0.774514 -0.622588 0.111859
236 0.000814661 0.320041 -0.881947 0.34604
239 0.00104029 0.185403 0.964636 0.18736
312 0.00026851 -0.107891 0.0663051 0.991949
313 0.000508421 -0.103644 0.381099 0.918706
314 0.000619278 0.048171 0.869346 0.491851
316 0.00103074 0.124712 0.95245 0.278004
0.001 0.0970326 0.0361411 0.00740857
6
236 0.000814661 -0.320041 0.881947 -0.34604
237 0.000849245 0.972175 -0.182231 -0.147202
281 0.0003987 0.455853 0.297014 0.839036
282 0.000611042 0.258098 0.374683 0.890504
307 0.00103932 -0.262785 0.875624 0.405248
308 0.000791385 -0.366061 0.930383 -0.0196575
106
20 19.1346 -2.72002 5.07207
-0.0173798 0.00354923 -0.00194181 -0.0176818 0.00139523 -0.00195761 -0.0189176 0.00368019 0.00393635
161 -0.252238 0.0282702 0.967252
162 0.214525 0.924997 -0.313624
163 -0.137188 -0.990449 -0.0138227
20 19.4466 -1.01708 4.4773
-0.0176818 0.00139523 -0.00195761 -0.018932 -0.00441428 0.00215954 -0.0189176 0.00368019 0.00393635
164 -0.150982 0.593004 0.790917
165 0.229421 0.208297 -0.950778
162 -0.126056 -0.93357 0.335496
20 19.2422 -0.337642 5.37397
-0.0176818 0.00139523 -0.00195761 -0.0177194 -0.000779573 -0.00195964 -0.018932 -0.00441428 0.00215954
166 -0.268785 0.00374353 0.963193
167 -0.161341 0.763081 0.625841
164 0.20636 -0.594937 -0.77683
20 18.7001 -4.94765 5.00805
-0.0189176 0.00368019 0.00393635 -0.0183306 0.00592996 0.00396718 -0.0173798 0.00354923 -0.00194181
168 0.245375 -0.0507528 -0.968099
169 -0.319712 -0.89558 0.309387
163 0.244855 0.968629 0.0424748
20 18.6041 -5.21056 5.09852
-0.0183306 0.00592996 0.00396718 -0.0109594 0.0214885 -0.00700549 -0.0173798 0.00354923 -0.00194181
170 0.0539439 -0.592441 -0.803806
171 -0.165101 0.322209 0.932161
169 0.333444 0.891841 -0.305671
20 18.4715 -7.35967 1.96214
-0.0183306 0.00592996 0.00396718 -0.0174742 0.00809133 0.00401203 -0.0109594 0.0214885 -0.00700549
172 0.0981154 -0.0182278 -0.995008
173 -0.148267 -0.584148 -0.79799
170 0.123328 0.532255 0.837553
20 18.0108 -8.64797 0.123173
-0.0174742 0.00809133 0.00401203 -0.0106502 0.0223307 0.007039 -0.0109594 0.0214885 -0.00700549
174 0.086766 0.167191 -0.982099
175 -0.433002 -0.899157 0.063448
173 0.253057 0.538119 0.803984
20 17.5217 4.02928 8.72083
-0.0177194 -0.000779573 -0.00195964 -0.0101932 -0.0223737 -0.00708474 -0.018932 -0.00441428 0.00215954
176 -0.357824 -0.331867 0.872827
177 0.271034 0.541507 -0.795808
167 0.429346 -0.736159 -0.523195
20 18.116 5.53404 6.35917
-0.0101932 -0.0223737 -0.00708474 -0.0182548 -0.00667167 0.00219505 -0.018932 -0.00441428 0.00215954
178 0.121364 0.550464 -0.825991
179 0.308602 0.0776547 -0.948016
177 -0.143066 -0.507099 0.849931
20 18.167 8.02123 2.19504
-0.0101932 -0.0223737 -0.00708474 -0.017308 -0.00882959 0.0022446 -0.0182548 -0.00667167 0.00219505
180 -0.126171 0.516925 -0.846682
181 0.108825 0.0249282 -0.993748
178 0.100462 -0.467477 0.878278
20 17.8554 8.94358 0.618351
-0.0101932 -0.0223737 -0.00708474 -0.011079 -0.0215814 0.00701844 -0.017308 -0.00882959 0.0022446
182 -0.444986 0.892128 -0.0780659
183 0.168956 -0.272111 -0.947317
180 0.209772 -0.47751 0.853217
20 18.1686 7.91311 -2.54282
-0.011079 -0.0215814 0.00701844 -0.0182548 -0.00667167 0.00219505 -0.017308 -0.00882959 0.0022446
184 0.000739088 -0.307478 -0.951555
181 0.108183 0.0702362 0.991647
183 -0.0179125 0.34286 0.939216
20 16.9791 5.19998 -9.1598
-0.011079 -0.0215814 0.00701844 -0.0124555 -0.000977553 0.0161755 -0.0182548 -0.00667167 0.00219505
185 -0.523922 0.316456 -0.790798
186 0.386387 -0.899061 0.205899
184 0.323448 0.428587 0.84362
20 17.073 4.9779 -9.10834
-0.0124555 -0.000977553 0.0161755 -0.018932 -0.00441428 0.00215954 -0.0182548 -0.00667167 0.00219505
187 0.319726 -0.943807 0.0836848
179 0.432538 0.143744 0.890083
186 -0.375881 0.902201 -0.211536
20 17.8779 1.88294 -8.72137
-0.0124555 -0.000977553 0.0161755 -0.0189176 0.00368019 0.00393635 -0.018932 -0.00441428 0.00215954
188 -0.0603999 -0.943088 -0.327011
165 0.446288 -0.192625 0.873912
187 -0.178395 0.971547 -0.155792
20 17.6328 -0.225269 -9.39423
-0.0124555 -0.000977553 0.0161755 -0.0124384 0.00150588 0.0161481 -0.0189176 0.00368019 0.00393635
189 -0.470628 -0.00648654 -0.882308
190 -0.0830048 -0.98779 -0.131836
188 0.159482 0.947702 0.276454
20 17.3497 -2.36062 -9.62423
-0.0124384 0.00150588 0.0161481 -0.012261 0.00396686 0.0158643 -0.0189176 0.00368019 0.00393635
191 -0.491145 -0.0647999 -0.868664
192 -0.093109 -0.992765 0.075821
190 0.177966 0.980763 0.080202
20 17.0778 -4.32658 -9.42527
-0.012261 0.00396686 0.0158643 -0.0183306 0.00592996 0.00396718 -0.0189176 0.00368019 0.00393635
193 -0.259486 -0.965372 -0.0269094
168 0.453301 -0.130354 0.881774
192 0.179139 0.97605 -0.12343
20 16.5645 -5.98133 -9.43644
-0.012261 0.00396686 0.0158643 -0.0106502 0.0223307 0.007039 -0.0183306 0.00592996 0.00396718
194 -0.553905 -0.320666 -0.76835
195 0.371406 -0.336039 0.865526
193 0.332488 0.943003 -0.0140252
20 17.2937 -6.69804 -7.43304
-0.0106502 0.0223307 0.007039 -0.0174742 0.00809133 0.00401203 -0.0183306 0.00592996 0.00396718
174 0.266221 -0.320807 0.90896
172 0.339189 -0.153657 0.928084
195 -0.27597 0.300251 -0.913066
20 12.9705 6.88291 -13.5491
-0.011079 -0.0215814 0.00701844 -0.00958503 -0.00758114 0.0155698 -0.0124555 -0.000977553 0.0161755
196 -0.755302 0.398431 -0.520358
197 -0.648732 -0.215032 -0.730005
185 0.758221 -0.221828 0.613102
20 11.7681 6.47417 -14.791
-0.00958503 -0.00758114 0.0155698 -0.0100024 -0.00529647 0.0162377 -0.0124555 -0.000977553 0.0161755
198 -0.78952 0.0349081 -0.612731
199 -0.639687 -0.373019 -0.672054
197 0.703769 0.244741 0.666941
20 7.69364 4.11406 -17.9739
-0.0100024 -0.00529647 0.0162377 -0.0102691 -0.00293284 0.0166646 -0.0124555 -0.000977553 0.0161755
200 -0.916206 -0.031247 -0.399488
201 -0.557645 -0.724768 -0.404652
199 0.779543 0.449066 0.436638
20 4.14724 -0.244207 -19.5439
-0.0102691 -0.00293284 0.0166646 -0.0124384 0.00150588 0.0161481 -0.0124555 -0.000977553 0.0161755
202 -0.875243 -0.448745 -0.180493
189 0.978106 -0.00445214 0.208061
201 0.645106 0.753326 0.127822
20 2.46807 -1.09442 -19.7981
-0.0102691 -0.00293284 0.0166646 0.00809321 0.00150588 0.0187076 -0.0124384 0.00150588 0.0161481
203 -0.225581 0.970794 -0.08169
204 -0.00677887 -0.998497 0.054378
202 0.891021 0.445566 0.0869009
20 2.26066 -0.211672 -19.8519
-0.0102691 -0.00293284 0.0166646 0.00810887 -0.000977554 0.0187359 0.00809321 0.00150588 0.0187076
205 -0.103289 0.994402 -0.022253
206 -0.993617 -0.00754886 -0.112557
203 0.230954 -0.972275 0.0366123
20 2.45699 -2.18259 -19.7093
0.00809321 0.00150588 0.0187076 0.00793093 0.00396686 0.0184149 -0.0124384 0.00150588 0.0161481
207 -0.990321 -0.0788875 -0.114198
208 0.105597 -0.986836 0.122487
204 0.0135098 0.994019 -0.108371
20 2.48525 -2.44854 -19.6744
0.00793093 0.00396686 0.0184149 -0.012261 0.00396686 0.0158643 -0.0124384 0.00150588 0.0161481
209 -0.0153685 -0.992452 0.121665
191 0.989597 -0.0560414 0.1325
208 -0.103929 0.985273 -0.135778
20 2.47343 -3.11819 -19.5809
0.00793093 0.00396686 0.0184149 -0.00644442 0.00704802 0.0161101 -0.012261 0.00396686 0.0158643
210 -0.227088 -0.965782 0.125282
211 0.452539 -0.869938 0.195999
209 0.0195648 0.987739 -0.154885
20 1.30226 -2.27055 -19.8086
0.00809321 0.00150588 0.0187076 0.0763098 0.00906959 0.0221744 0.00793093 0.00396686 0.0184149
212 -0.103386 0.987389 -0.119895
213 0.0674405 -0.990714 0.118055
207 0.995762 0.0724061 0.0566979
20 1.08212 -0.220226 -19.9502
0.00810887 -0.000977554 0.0187359 0.0763098 0.00906959 0.0221744 0.00809321 0.00150588 0.0187076
214 -0.144798 0.989285 -0.0186496
212 0.109337 -0.993861 0.0169164
206 0.998537 0.00690924 0.0536294
20 0.817793 1.55786 -19.903
0.00810887 -0.000977554 0.0187359 0.0772628 -0.0316963 0.0189992 0.0763098 0.00906959 0.0221744
215 0.404116 0.910497 0.0876694
216 -0.999042 -0.0203345 -0.0387584
214 0.148883 -0.986294 -0.0711247
20 1.79771 3.76696 -19.5404
0.00810887 -0.000977554 0.0187359 -0.0100024 -0.00529647 0.0162377 0.0772628 -0.0316963 0.0189992
217 0.2499 -0.954781 -0.161067
218 0.277319 0.938297 0.206621
215 -0.396372 -0.894099 -0.208509
20 1.80644 3.73362 -19.546
0.00810887 -0.000977554 0.0187359 -0.0102691 -0.00293284 0.0166646 -0.0100024 -0.00529647 0.0162377
205 0.123653 -0.976758 -0.175082
200 0.989731 0.0919179 0.109469
217 -0.249742 0.955109 0.15936
20 2.44575 5.97509 -18.909
-0.0100024 -0.00529647 0.0162377 -0.00958503 -0.00758114 0.0155698 0.0772628 -0.0316963 0.0189992
198 0.97729 0.129495 0.167734
219 0.241619 0.915789 0.320859
218 -0.264839 -0.909072 -0.321633
20 1.85781 -5.61904 -19.0845
0.00793093 0.00396686 0.0184149 0.0228624 0.0281408 0.0127231 -0.00644442 0.00704802 0.0161101
220 -0.852062 0.474013 -0.22204
221 0.581748 -0.763086 0.281548
210 0.241316 0.937035 -0.252452
20 1.84501 -5.61192 -19.0878
0.00793093 0.00396686 0.0184149 0.0640097 0.0423311 0.0124087 0.0228624 0.0281408 0.0127231
222 -0.562055 0.777349 -0.282528
223 0.313406 -0.902208 0.296305
220 0.852131 -0.474225 0.221322
20 1.48401 -5.11102 -19.259
0.00793093 0.00396686 0.0184149 0.0763098 0.00906959 0.0221744 0.0640097 0.0423311 0.0124087
213 -0.0576227 0.963846 -0.260155
224 -0.939777 -0.341083 0.0219622
222 0.564664 -0.785976 0.251784
20 -2.05086 1.48346 -19.8086
0.0772628 -0.0316963 0.0189992 0.107461 0.00740301 0.0186842 0.0763098 0.00906959 0.0221744
225 -0.78415 0.606689 0.130525
226 -0.0608426 -0.995861 -0.0675143
216 0.994052 0.0313605 -0.104296
20 3.29151 9.23417 -17.4101
-0.00958503 -0.00758114 0.0155698 0.0205177 -0.0280499 0.0103779 0.0772628 -0.0316963 0.0189992
227 0.550276 0.69001 0.470193
228 -0.0141973 0.883969 0.467329
219 -0.215384 -0.845232 -0.489074
20 3.83905 9.9143 -16.9168
-0.00958503 -0.00758114 0.0155698 -0.011079 -0.0215814 0.00701844 0.0205177 -0.0280499 0.0103779
196 0.977101 -0.176681 0.11856
229 0.117335 0.844522 0.522509
227 -0.541348 -0.665952 -0.513275
20 3.96522 -8.32864 -17.7237
0.0228624 0.0281408 0.0127231 -0.00592179 0.00907666 0.0152737 -0.00644442 0.00704802 0.0161101
230 0.519169 -0.722868 0.455988
231 0.952304 -0.131887 0.275177
221 -0.554829 0.698263 -0.452321
20 4.50663 -9.07853 -17.2188
0.0228624 0.0281408 0.0127231 -0.0106502 0.0223307 0.007039 -0.00592179 0.00907666 0.0152737
232 0.0701127 -0.874297 0.480301
233 0.930016 0.363871 0.0516435
230 -0.508027 0.69988 -0.502072
20 5.41729 -8.70905 -17.147
-0.0106502 0.0223307 0.007039 -0.012261 0.00396686 0.0158643 -0.00592179 0.00907666 0.0152737
194 0.95922 0.0495936 0.278277
234 -0.568676 0.64676 -0.508242
233 -0.917768 -0.385828 -0.0940173
20 5.22095 -8.48537 -17.3192
-0.012261 0.00396686 0.0158643 -0.00644442 0.00704802 0.0161101 -0.00592179 0.00907666 0.0152737
211 -0.389624 0.775199 -0.497252
231 -0.937018 0.103919 -0.333463
234 0.573257 -0.654157 0.493412
20 -2.35553 -6.38723 -18.7697
0.0763098 0.00906959 0.0221744 0.107461 0.00740301 0.0186842 0.0640097 0.0423311 0.0124087
226 0.0143262 0.946 -0.32385
235 -0.620667 -0.713853 0.324325
224 0.934594 0.28193 -0.216907
20 -4.17456 -8.43927 -17.596
0.107461 0.00740301 0.0186842 0.0970326 0.0361411 0.00740857 0.0640097 0.0423311 0.0124087
236 -0.922953 -0.207795 0.324006
237 -0.0980198 -0.887165 0.450922
235 0.595607 0.658227 -0.460423
20 -6.30163 4.77857 -18.3149
0.0772628 -0.0316963 0.0189992 0.0997465 -0.032735 0.0108882 0.107461 0.00740301 0.0186842
238 0.121344 0.969665 0.212192
239 -0.929004 0.10992 0.353369
225 0.723987 -0.562389 -0.399451
20 4.71998 -13.8273 -13.6227
0.0228624 0.0281408 0.0127231 0.0640097 0.0423311 0.0124087 -0.0106502 0.0223307 0.007039
223 -0.227284 0.642839 -0.731506
240 0.127933 -0.67312 0.728383
232 -0.000676962 0.701308 -0.712858
20 5.30958 -17.5717 -7.87356
0.0640097 0.0423311 0.0124087 5.28511e-05 0.0286632 0.00011402 -0.0106502 0.0223307 0.007039
241 -0.0817326 -0.427432 0.900345
242 0.603306 -0.166874 0.779855
240 -0.0407487 0.398151 -0.916414
20 15.8809 -2.31397 11.9075
-0.0173798 0.00354923 -0.00194181 -0.0109594 0.0214885 -0.00700549 -0.0176818 0.00139523 -0.00195761
171 0.512101 -0.398113 -0.76109
243 -0.522527 0.368034 0.769101
161 0.590559 -0.0769079 -0.803321
20 12.4495 -0.229841 15.6337
-0.0109594 0.0214885 -0.00700549 -0.0177194 -0.000779573 -0.00195964 -0.0176818 0.00139523 -0.00195761
244 -0.728696 0.35405 0.586218
166 0.781718 -0.012928 -0.623498
243 0.718564 -0.385777 -0.578656
20 11.6012 0.172956 16.2748
-0.0109594 0.0214885 -0.00700549 -0.0101932 -0.0223737 -0.00708474 -0.0177194 -0.000779573 -0.00195964
245 -0.81399 -0.0152666 0.580678
176 0.748033 0.388427 -0.538118
244 0.762937 -0.35416 -0.54083
20 6.29139 0.0753386 18.9729
-0.0109594 0.0214885 -0.00700549 0.0320095 0.012472 -0.0211918 -0.0101932 -0.0223737 -0.00708474
246 -0.184631 -0.980716 0.06409
247 -0.586346 0.787313 0.190621
245 0.948893 0.0171431 -0.315132
20 4.4509 2.44926 19.3307
0.0320095 0.012472 -0.0211918 0.0580951 -0.018864 -0.0231594 -0.0101932 -0.0223737 -0.00708474
248 -0.73695 -0.629012 0.247483
249 -0.0765968 0.991086 -0.109004
247 0.627004 -0.777701 -0.0452444
20 -0.644723 -1.82716 19.8815
0.0320095 0.012472 -0.0211918 0.0653233 0.00635038 -0.0205961 0.0580951 -0.018864 -0.0231594
250 -0.178216 -0.979241 -0.096572
251 -0.961005 0.27639 -0.00882295
248 0.768401 0.634331 0.0847591
20 -1.11109 -4.4071 19.4498
0.0320095 0.012472 -0.0211918 0.0907246 0.0269836 -0.0143558 0.0653233 0.00635038 -0.0205961
252 0.256941 -0.945601 -0.19955
253 -0.644304 0.753321 0.13183
250 0.172047 0.958425 0.227645
20 -3.25257 -1.05831 19.6725
0.0653233 0.00635038 -0.0205961 0.08177 -0.0295384 -0.0197258 0.0580951 -0.018864 -0.0231594
254 -0.893792 -0.413789 -0.172957
255 0.394489 0.911748 0.114428
251 0.947267 -0.286206 0.144123
20 -3.69633 -1.26391 19.5803
0.0653233 0.00635038 -0.0205961 0.0907246 0.0269836 -0.0143558 0.08177 -0.0295384 -0.0197258
253 0.618906 -0.78251 0.0680643
256 -0.969513 0.170333 -0.176156
254 0.889377 0.412359 0.197406
20 -6.41646 -0.766404 18.8797
0.0907246 0.0269836 -0.0143558 0.107816 -0.000222733 -0.00958412 0.08177 -0.0295384 -0.0197258
257 -0.78549 -0.544902 -0.293406
258 -0.693193 0.689029 -0.211477
256 0.932741 -0.177583 0.313782
20 -8.6921 1.60205 17.8777
0.107816 -0.000222733 -0.00958412 0.102086 -0.0270878 -0.00997528 0.08177 -0.0295384 -0.0197258
259 -0.873507 0.192801 -0.447005
260 -0.0616561 0.990791 -0.120549
258 0.627276 -0.6853 0.369984
20 -13.7896 2.74408 14.1075
0.107816 -0.000222733 -0.00958412 0.107957 -0.000259346 -0.00943793 0.102086 -0.0270878 -0.00997528
261 -0.22223 -0.974553 -0.0293221
262 -0.686749 0.164461 -0.708046
259 0.68834 -0.157113 0.708169
20 3.41087 10.4789 16.6657
0.0580951 -0.018864 -0.0231594 0.0779293 -0.0358201 -0.0164564 -0.0101932 -0.0223737 -0.00708474
263 -0.655798 -0.572635 0.491953
264 0.0701634 0.83751 -0.541899
249 0.16182 -0.849633 0.501934
20 1.33401 8.57337 17.9909
0.0580951 -0.018864 -0.0231594 0.08177 -0.0295384 -0.0197258 0.0779293 -0.0358201 -0.0164564
255 -0.423352 -0.805695 0.414281
265 -0.8768 0.454758 -0.156257
263 0.673798 0.647256 -0.356449
20 1.38884 -12.6238 15.4204
0.0320095 0.012472 -0.0211918 0.0229585 0.0263232 -0.009048 0.0907246 0.0269836 -0.0143558
266 0.894927 0.380639 0.232852
267 -0.0418949 -0.774453 -0.631243
252 -0.255049 0.737202 0.625686
20 2.20031 -12.2651 15.616
0.0320095 0.012472 -0.0211918 0.014637 0.0256857 -0.00838769 0.0229585 0.0263232 -0.009048
268 0.718916 0.591648 0.364846
269 0.0110238 -0.785167 -0.619186
266 -0.890912 -0.408959 -0.197558
20 2.79403 -11.7644 15.9048
0.0320095 0.012472 -0.0211918 -0.0109594 0.0214885 -0.00700549 0.014637 0.0256857 -0.00838769
246 0.336675 0.784077 0.521414
270 0.0972023 -0.791496 -0.603395
268 -0.713789 -0.616585 -0.332156
20 1.21269 -15.2486 12.8448
0.0229585 0.0263232 -0.009048 0.0848052 0.0293209 -0.0110609 0.0907246 0.0269836 -0.0143558
271 0.00628338 -0.643565 -0.765365
272 -0.560883 -0.556891 -0.612603
267 0.0533939 0.645377 0.761995
20 1.21855 -16.9797 10.4469
0.0229585 0.0263232 -0.009048 0.0640097 0.0423311 0.0124087 0.0848052 0.0293209 -0.0110609
273 0.543066 -0.41176 -0.731801
274 -0.788359 -0.359508 -0.499244
271 0.00233054 0.523878 0.85179
20 1.97837 -17.516 9.39332
0.0229585 0.0263232 -0.009048 5.28511e-05 0.0286632 0.00011402 0.0640097 0.0423311 0.0124087
275 0.368699 0.470717 0.801553
241 0.258548 -0.43313 -0.863453
273 -0.537599 0.350998 0.766673
20 2.119 -17.3328 9.6981
0.0229585 0.0263232 -0.009048 0.014637 0.0256857 -0.00838769 5.28511e-05 0.0286632 0.00011402
269 0.0314968 0.490722 0.870747
276 0.514782 0.465119 0.720184
275 -0.366751 -0.487403 -0.792422
20 3.26619 -16.1734 11.26
0.014637 0.0256857 -0.00838769 -0.0109594 0.0214885 -0.00700549 5.28511e-05 0.0286632 0.00011402
270 -0.0479427 0.563887 0.82446
277 0.656112 -0.337003 -0.675237
276 -0.499596 -0.560015 -0.660899
20 -1.32313 -17.912 8.71165
0.0640097 0.0423311 0.0124087 0.089763 0.0314045 -0.00597169 0.0848052 0.0293209 -0.0110609
278 -0.634957 -0.296577 -0.713352
279 -0.739365 0.340441 0.580895
274 0.787337 0.2185 0.576506
20 -1.82628 -17.6695 9.10254
0.089763 0.0314045 -0.00597169 0.0907246 0.0269836 -0.0143558 0.0848052 0.0293209 -0.0110609
280 -0.990267 0.0383464 -0.13379
272 0.555512 0.332467 0.762149
279 0.736532 -0.370821 -0.565696
20 -2.18496 -18.2744 7.71954
0.0640097 0.0423311 0.0124087 0.0970326 0.0361411 0.00740857 0.089763 0.0314045 -0.00597169
237 -0.205047 -0.358099 -0.91089
281 -0.882734 0.271527 0.383475
278 0.628713 0.234747 0.741359
20 -4.47985 -17.4044 8.6584
0.0970326 0.0361411 0.00740857 0.0907246 0.0269836 -0.0143558 0.089763 0.0314045 -0.00597169
282 -0.93866 0.315443 0.139331
280 0.968294 -0.157356 0.194024
281 0.860178 -0.389207 -0.329563
20 3.67605 17.0621 9.71371
0.0779293 -0.0358201 -0.0164564 5.27785e-05 -0.0286751 0.000114716 -0.0101932 -0.0223737 -0.00708474
283 -0.133738 0.51127 -0.84895
284 0.657208 0.260597 -0.707225
264 0.0164013 -0.497142 0.867514
20 2.4757 19.5912 2.98211
0.0779293 -0.0358201 -0.0164564 0.0663251 -0.0364072 -0.00328274 5.27785e-05 -0.0286751 0.000114716
285 -0.741036 0.188969 -0.644326
286 -0.0326327 0.154206 -0.9875
283 0.190038 -0.170919 0.966784
20 0.936256 19.8761 1.63878
0.0779293 -0.0358201 -0.0164564 0.0797485 -0.0369861 -0.00331916 0.0663251 -0.0364072 -0.00328274
287 -0.989692 0.0310399 0.139808
288 0.00083878 0.0821486 -0.99662
285 0.749475 -0.0868647 0.65631
20 -0.945818 19.8451 1.89666
0.0779293 -0.0358201 -0.0164564 0.084726 -0.0363533 -0.00724385 0.0797485 -0.0369861 -0.00331916
289 -0.803535 -0.0978784 0.587155
290 -0.621943 0.0426391 -0.781901
287 0.989294 0.0635827 -0.131355
20 -3.29683 19.6434 -1.11752
0.084726 -0.0363533 -0.00724385 0.0997465 -0.032735 0.0108882 0.0797485 -0.0369861 -0.00331916
291 -0.757435 -0.0936952 0.646153
292 0.571077 0.0515971 -0.819273
290 0.600756 0.147554 0.785697
20 -5.3978 19.1829 0.71481
0.084726 -0.0363533 -0.00724385 0.10232 -0.031864 0.00722282 0.0997465 -0.032735 0.0108882
293 -0.591864 -0.198189 0.781292
294 -0.778677 -0.201004 -0.594357
291 0.725993 0.231428 -0.647592
20 -6.59041 18.6711 2.32403
0.084726 -0.0363533 -0.00724385 0.0926651 -0.0332865 -0.00910537 0.10232 -0.031864 0.00722282
295 0.240908 -0.0349089 0.96992
296 -0.794087 -0.346055 0.499671
293 0.560356 0.296328 -0.773428
20 -5.74776 18.3274 5.35152
0.084726 -0.0363533 -0.00724385 0.0779293 -0.0358201 -0.0164564 0.0926651 -0.0332865 -0.00910537
289 0.750568 0.393333 -0.530977
297 -0.3643 -0.365914 0.856383
295 -0.290525 0.181863 -0.939426
20 -0.709319 19.3905 -4.68397
0.0997465 -0.032735 0.0108882 0.0772628 -0.0316963 0.0189992 0.0797485 -0.0369861 -0.00331916
238 -0.339452 -0.234332 -0.910967
298 0.993398 0.063385 0.0956185
292 -0.594313 0.165479 0.787026
20 0.900301 19.4294 -4.51391
0.0772628 -0.0316963 0.0189992 0.0663251 -0.0364072 -0.00328274 0.0797485 -0.0369861 -0.00331916
299 0.900479 -0.13442 -0.413605
288 0.0123561 0.225219 0.97423
298 -0.993329 0.0153905 -0.114282
20 2.02253 19.2237 -5.0213
0.0772628 -0.0316963 0.0189992 5.27785e-05 -0.0286751 0.000114716 0.0663251 -0.0364072 -0.00328274
300 0.219012 -0.267728 -0.938273
286 0.078015 0.243926 0.966651
299 -0.896139 0.194892 0.398689
20 2.08939 19.1394 -5.30816
0.0772628 -0.0316963 0.0189992 0.0205177 -0.0280499 0.0103779 5.27785e-05 -0.0286751 0.000114716
228 0.126809 -0.277902 -0.952203
301 0.43675 -0.28399 -0.85358
300 -0.217466 0.282444 0.934309
20 -10.2802 16.4032 4.70326
0.0926651 -0.0332865 -0.00910537 0.102086 -0.0270878 -0.00997528 0.10232 -0.031864 0.00722282
302 0.192342 -0.156369 0.96879
303 -0.854586 -0.503247 -0.128159
296 0.687851 0.564805 -0.455913
20 4.49304 16.7251 -9.95397
0.0205177 -0.0280499 0.0103779 -0.011079 -0.0215814 0.00701844 5.27785e-05 -0.0286751 0.000114716
229 -0.012601 -0.508662 -0.860874
304 0.625272 0.267826 0.73301
301 -0.388993 0.545424 0.742426
20 -8.11139 14.0689 11.5573
0.0926651 -0.0332865 -0.00910537 0.0779293 -0.0358201 -0.0164564 0.102086 -0.0270878 -0.00997528
297 0.223167 0.692502 -0.686031
305 0.0182157 -0.627892 0.778088
302 -0.371187 0.450165 -0.81214
20 -7.96631 12.0474 13.7402
0.0779293 -0.0358201 -0.0164564 0.08177 -0.0295384 -0.0197258 0.102086 -0.0270878 -0.00997528
265 0.781565 -0.164703 0.601689
260 -0.185376 -0.789759 0.584736
305 -0.0789238 0.725648 -0.683525
20 -14.2304 -6.85918 12.1284
0.107816 -0.000222733 -0.00958412 0.0907246 0.0269836 -0.0143558 0.107957 -0.000259346 -0.00943793
257 0.457977 0.424672 0.780968
306 -0.455333 -0.42886 -0.780225
261 -0.135148 0.922475 0.361629
20 -15.9203 -8.62294 8.27938
0.0907246 0.0269836 -0.0143558 0.0970326 0.0361411 0.00740857 0.107957 -0.000259346 -0.00943793
282 0.540543 -0.819965 0.188337
307 -0.537638 0.215873 -0.815073
306 0.28124 0.339897 0.897427
20 -18.2417 -7.12184 3.5306
0.0970326 0.0361411 0.00740857 0.10862 0.0066909 0.0080308 0.107957 -0.000259346 -0.00943793
308 -0.156869 -0.082514 -0.984166
309 -0.396062 0.85824 -0.326434
307 0.299303 -0.325312 0.896989
20 -18.6708 -6.11302 3.14551
0.10862 0.0066909 0.0080308 0.109569 -0.000346962 1.53602e-06 0.107957 -0.000259346 -0.00943793
310 -0.332215 0.689487 -0.643616
311 -0.299836 0.9521 0.0600401
309 0.342107 -0.877482 0.336137
20 -18.4425 -7.30743 -1.5154
0.0970326 0.0361411 0.00740857 0.107461 0.00740301 0.0186842 0.10862 0.0066909 0.0080308
236 0.19422 -0.296417 -0.935102
312 -0.357729 0.928351 -0.100963
308 -0.0780615 -0.00965047 0.996902
20 -19.774 -0.240118 -2.13262
0.107461 0.00740301 0.0186842 0.109569 -0.000346962 1.53602e-06 0.10862 0.0066909 0.0080308
313 0.0296246 0.924454 -0.380141
310 -0.0610334 -0.75417 0.653837
312 0.00514454 -0.997723 0.0672506
20 -19.3566 3.02956 -3.44188
0.107461 0.00740301 0.0186842 0.106268 -0.0141306 0.00650111 0.109569 -0.000346962 1.53602e-06
314 0.224755 0.470361 -0.853373
315 -0.088984 0.442166 0.892508
313 -0.204775 -0.912069 0.355244
20 -18.7957 3.97455 -5.16707
0.107461 0.00740301 0.0186842 0.10232 -0.031864 0.00722282 0.106268 -0.0141306 0.00650111
316 0.302118 0.230433 -0.925
317 -0.244393 0.0936931 0.965139
314 -0.322989 -0.45241 0.831266
20 -19.4078 4.28866 -0.797709
0.106268 -0.0141306 0.00650111 0.10232 -0.031864 0.00722282 0.109569 -0.000346962 1.53602e-06
317 0.0306804 -0.0474634 -0.998402
318 0.0087983 0.221404 0.975143
315 -0.0541355 -0.415244 -0.908098
20 -19.2386 4.79965 1.60236
0.10232 -0.031864 0.00722282 0.102086 -0.0270878 -0.00997528 0.109569 -0.000346962 1.53602e-06
303 0.254099 0.932791 0.255605
319 -0.00854151 -0.347445 0.937662
318 -0.128511 -0.193306 -0.972686
20 -19.1718 4.1378 3.32622
0.102086 -0.0270878 -0.00997528 0.107957 -0.000259346 -0.00943793 0.109569 -0.000346962 1.53602e-06
262 0.158857 -0.0545067 0.985796
311 -0.205478 -0.978316 0.0260087
319 -0.0807681 0.368175 -0.926242
20 -16.2686 5.12884 -10.2554
0.107461 0.00740301 0.0186842 0.0997465 -0.032735 0.0108882 0.10232 -0.031864 0.00722282
239 0.54354 0.0581716 -0.837365
294 0.109361 0.947078 0.3018
316 -0.560493 -0.163573 0.811845
20 10.5427 -16.9477 0.785247
5.28511e-05 0.0286632 0.00011402 -0.0109594 0.0214885 -0.00700549 -0.0106502 0.0223307 0.007039
277 -0.423153 -0.222162 0.8784
175 0.849146 0.525766 -0.0502191
242 -0.395509 -0.285985 -0.872803
20 10.6136 16.9192 -0.284532
-0.0101932 -0.0223737 -0.00708474 5.27785e-05 -0.0286751 0.000114716 -0.011079 -0.0215814 0.00701844
284 -0.428817 0.282953 0.857935
304 -0.399527 0.235321 -0.886004
182 0.844909 -0.528471 0.0827527
159
1
19.999 20 -0.0175308 0.00247223 -0.00194971 0.138846 0.990287 0.00726447
0 5.4381e-05 0.138846 0.990287 0.00726447
6 5.4381e-05 -0.138846 -0.990287 -0.00726447
55 -0.252238 0.0282702 0.967252
105 0.590559 -0.0769079 -0.803321
1
19.999 20 -0.0182997 0.00253771 0.000989371 0.191853 -0.354751 -0.915065
6 0.000161034 0.191853 -0.354751 -0.915065
14 0.000161034 -0.191853 0.354751 0.915065
55 0.214525 0.924997 -0.313624
56 -0.126056 -0.93357 0.335496
1
19.999 20 -0.0181487 0.00361471 0.000997272 -0.253027 0.0215484 0.967219
14 0.000151942 -0.253027 0.0215484 0.967219
0 0.000151942 0.253027 -0.0215484 -0.967219
55 -0.137188 -0.990449 -0.0138227
58 0.244855 0.968629 0.0424748
1
19.999 20 -0.0183069 -0.00150953 0.000100965 0.17292 0.803596 -0.569501
6 0.000180744 0.17292 0.803596 -0.569501
2 0.000180744 -0.17292 -0.803596 0.569501
56 -0.150982 0.593004 0.790917
57 0.20636 -0.594937 -0.77683
1
19.999 20 -0.0189248 -0.000367047 0.00304794 -0.00173471 -0.976743 -0.214404
2 0.00020719 -0.00173471 -0.976743 -0.214404
14 0.00020719 0.00173471 0.976743 0.214404
56 0.229421 0.208297 -0.950778
69 0.446288 -0.192625 0.873912
1
19.999 20 -0.0177006 0.000307827 -0.00195863 0.0172826 0.99985 0.000936835
6 5.43809e-05 0.0172826 0.99985 0.000936835
13 5.43809e-05 -0.0172826 -0.99985 -0.000936835
57 -0.268785 0.00374353 0.963193
106 0.781718 -0.012928 -0.623498
1
19.999 20 -0.0183257 -0.00259693 9.99457e-05 0.21553 0.646086 -0.732202
13 0.000140651 0.21553 0.646086 -0.732202
2 0.000140651 -0.21553 -0.646086 0.732202
57 -0.161341 0.763081 0.625841
62 0.429346 -0.736159 -0.523195
1
19.999 20 -0.0186241 0.00480507 0.00395177 -0.252435 -0.967523 -0.0132596
14 5.8135e-05 -0.252435 -0.967523 -0.0132596
7 5.8135e-05 0.252435 0.967523 0.0132596
58 0.245375 -0.0507528 -0.968099
72 0.453301 -0.130354 0.881774
1
19.999 20 -0.0178552 0.00473959 0.00101269 -0.147607 0.369614 0.917386
7 0.000161036 -0.147607 0.369614 0.917386
0 0.000161036 0.147607 -0.369614 -0.917386
58 -0.319712 -0.89558 0.309387
59 0.333444 0.891841 -0.305671
1
19.999 20 -0.014645 0.0137092 -0.00151916 -0.361056 -0.762085 0.537461
7 0.00051042 -0.361056 -0.762085 0.537461
46 0.00051042 0.361056 0.762085 -0.537461
59 0.0539439 -0.592441 -0.803806
60 0.123328 0.532255 0.837553
1
19.999 20 -0.0141696 0.0125189 -0.00447365 0.325665 0.90993 -0.256844
46 0.0004929 0.325665 0.90993 -0.256844
0 0.0004929 -0.325665 -0.90993 0.256844
59 -0.165101 0.322209 0.932161
105 0.512101 -0.398113 -0.76109
1
19.999 20 -0.0179024 0.00701064 0.00398961 -0.368299 -0.929507 -0.0192892
7 5.81351e-05 -0.368299 -0.929507 -0.0192892
1 5.81351e-05 0.368299 0.929507 0.0192892
60 0.0981154 -0.0182278 -0.995008
74 0.339189 -0.153657 0.928084
1
19.999 20 -0.0142168 0.0147899 -0.00149673 -0.351608 -0.72305 0.594619
1 0.000463241 -0.351608 -0.72305 0.594619
46 0.000463241 0.351608 0.72305 -0.594619
60 -0.148267 -0.584148 -0.79799
61 0.253057 0.538119 0.803984
1
19.999 20 -0.0140622 0.015211 0.00552552 -0.424443 -0.885665 -0.188272
1 0.000401959 -0.424443 -0.885665 -0.188272
32 0.000401959 0.424443 0.885665 0.188272
61 0.086766 0.167191 -0.982099
74 0.266221 -0.320807 0.90896
1
19.999 20 -0.0108048 0.0219096 1.67524e-05 0.0219686 0.0598411 0.997966
32 0.000351845 0.0219686 0.0598411 0.997966
46 0.000351845 -0.0219686 -0.0598411 -0.997966
61 -0.433002 -0.899157 0.063448
159 0.849146 0.525766 -0.0502191
1
19.999 20 -0.0139563 -0.0115766 -0.00452219 -0.321147 0.921433 0.21869
13 0.000585914 -0.321147 0.921433 0.21869
38 0.000585914 0.321147 -0.921433 -0.21869
62 -0.357824 -0.331867 0.872827
107 0.748033 0.388427 -0.538118
1
19.999 20 -0.0145626 -0.013394 -0.0024626 0.397066 -0.816032 -0.420037
38 0.000550234 0.397066 -0.816032 -0.420037
2 0.000550234 -0.397066 0.816032 0.420037
62 0.271034 0.541507 -0.795808
63 -0.143066 -0.507099 0.849931
1
19.999 20 -0.014224 -0.0145227 -0.00244485 0.404265 -0.787411 -0.465354
38 0.000498559 0.404265 -0.787411 -0.465354
8 0.000498559 -0.404265 0.787411 0.465354
63 0.121364 0.550464 -0.825991
64 0.100462 -0.467477 0.878278
1
19.999 20 -0.0185934 -0.00554298 0.00217729 0.287277 -0.957729 0.0150654
8 5.89284e-05 0.287277 -0.957729 0.0150654
2 5.89284e-05 -0.287277 0.957729 -0.0150654
63 0.308602 0.0776547 -0.948016
68 0.432538 0.143744 0.890083
1
19.999 20 -0.0137506 -0.0156016 -0.00242007 0.397048 -0.755841 -0.520631
38 0.000448004 0.397048 -0.755841 -0.520631
15 0.000448004 -0.397048 0.755841 0.520631
64 -0.126171 0.516925 -0.846682
65 0.209772 -0.47751 0.853217
1
19.999 20 -0.0177814 -0.00775063 0.00221982 0.401692 -0.915533 0.021023
15 5.89281e-05 0.401692 -0.915533 0.021023
8 5.89281e-05 -0.401692 0.915533 -0.021023
64 0.108825 0.0249282 -0.993748
66 0.108183 0.0702362 0.991647
1
19.999 20 -0.0106361 -0.0219776 -3.31483e-05 0.0625823 -0.0559807 -0.996469
38 0.000353847 0.0625823 -0.0559807 -0.996469
41 0.000353847 -0.0625823 0.0559807 0.996469
65 -0.444986 0.892128 -0.0780659
160 0.844909 -0.528471 0.0827527
1
19.999 20 -0.0141935 -0.0152055 0.00463152 0.416012 -0.851637 0.318824
41 0.000374351 0.416012 -0.851637 0.318824
15 0.000374351 -0.416012 0.851637 -0.318824
65 0.168956 -0.272111 -0.947317
66 -0.0179125 0.34286 0.939216
1
19.999 20 -0.0146669 -0.0141265 0.00460674 0.416345 -0.865066 0.279854
41 0.000430906 0.416345 -0.865066 0.279854
8 0.000430906 -0.416345 0.865066 -0.279854
66 0.000739088 -0.307478 -0.951555
67 0.323448 0.428587 0.84362
1
19.999 20 -0.0117672 -0.0112795 0.011597 0.0609387 -0.912116 -0.405377
41 0.000564755 0.0609387 -0.912116 -0.405377
16 0.000564755 -0.0609387 0.912116 0.405377
67 -0.523922 0.316456 -0.790798
75 0.758221 -0.221828 0.613102
1
19.999 20 -0.0153552 -0.00382461 0.00918529 0.358619 0.352114 0.864528
16 0.000404301 0.358619 0.352114 0.864528
8 0.000404301 -0.358619 -0.352114 -0.864528
67 0.386387 -0.899061 0.205899
68 -0.375881 0.902201 -0.211536
1
19.999 20 -0.0156937 -0.00269592 0.00916754 0.409439 0.21727 0.886089
16 0.000395465 0.409439 0.21727 0.886089
2 0.000395465 -0.409439 -0.21727 -0.886089
68 0.319726 -0.943807 0.0836848
69 -0.178395 0.971547 -0.155792
1
19.999 20 -0.0156866 0.00135132 0.0100559 0.442513 -0.318956 0.838123
16 0.000365096 0.442513 -0.318956 0.838123
14 0.000365096 -0.442513 0.318956 -0.838123
69 -0.0603999 -0.943088 -0.327011
70 0.159482 0.947702 0.276454
1
19.999 20 -0.012447 0.000264163 0.0161618 -0.00689781 -0.999915 0.0110305
16 6.20941e-05 -0.00689781 -0.999915 0.0110305
9 6.20941e-05 0.00689781 0.999915 -0.0110305
70 -0.470628 -0.00648654 -0.882308
78 0.978106 -0.00445214 0.208061
1
19.999 20 -0.015678 0.00259303 0.0100422 0.462994 -0.155373 0.872637
9 0.00034987 0.462994 -0.155373 0.872637
14 0.00034987 -0.462994 0.155373 -0.872637
70 -0.0830048 -0.98779 -0.131836
71 0.177966 0.980763 0.080202
1
19.999 20 -0.0123497 0.00273637 0.0160062 -0.0714172 -0.990876 0.114296
9 6.20942e-05 -0.0714172 -0.990876 0.114296
3 6.20942e-05 0.0714172 0.990876 -0.114296
71 -0.491145 -0.0647999 -0.868664
82 0.989597 -0.0560414 0.1325
1
19.999 20 -0.0155893 0.00382353 0.00990031 0.48721 0.0209825 0.873033
3 0.000341583 0.48721 0.0209825 0.873033
14 0.000341583 -0.48721 -0.0209825 -0.873033
71 -0.093109 -0.992765 0.075821
72 0.179139 0.97605 -0.12343
1
19.999 20 -0.0152958 0.00494841 0.00991572 0.449618 -0.145421 0.881304
3 0.000337502 0.449618 -0.145421 0.881304
7 0.000337502 -0.449618 0.145421 -0.881304
72 -0.259486 -0.965372 -0.0269094
73 0.332488 0.943003 -0.0140252
1
19.999 20 -0.0114556 0.0131488 0.0114516 -0.0788157 -0.898515 0.431808
3 0.000510974 -0.0788157 -0.898515 0.431808
32 0.000510974 0.0788157 0.898515 -0.431808
73 -0.553905 -0.320666 -0.76835
98 0.95922 0.0495936 0.278277
1
19.999 20 -0.0144904 0.0141303 0.00550309 0.418125 0.892863 0.167231
32 0.00045924 0.418125 0.892863 0.167231
7 0.00045924 -0.418125 -0.892863 -0.167231
73 0.371406 -0.336039 0.865526
74 -0.27597 0.300251 -0.913066
1
19.999 20 -0.010332 -0.0145813 0.0112941 -0.0906898 -0.849884 -0.519108
41 0.000411849 -0.0906898 -0.849884 -0.519108
17 0.000411849 0.0906898 0.849884 0.519108
75 -0.755302 0.398431 -0.520358
95 0.977101 -0.176681 0.11856
1
19.999 20 -0.0110203 -0.00427935 0.0158727 0.397249 -0.913874 -0.0838294
17 0.000180657 0.397249 -0.913874 -0.0838294
16 0.000180657 -0.397249 0.913874 0.0838294
75 -0.648732 -0.215032 -0.730005
76 0.703769 0.244741 0.666941
1
19.999 20 -0.00979371 -0.00643881 0.0159038 0.172708 -0.945397 -0.276399
17 6.04187e-05 0.172708 -0.945397 -0.276399
10 6.04187e-05 -0.172708 0.945397 0.276399
76 -0.78952 0.0349081 -0.612731
89 0.97729 0.129495 0.167734
1
19.999 20 -0.011229 -0.00313701 0.0162066 0.493848 -0.869458 0.0125234
10 0.000124191 0.493848 -0.869458 0.0125234
16 0.000124191 -0.493848 0.869458 -0.0125234
76 -0.639687 -0.373019 -0.672054
77 0.779543 0.449066 0.436638
1
19.999 20 -0.0101358 -0.00411466 0.0164512 0.110371 -0.97807 -0.176628
10 6.04187e-05 0.110371 -0.97807 -0.176628
4 6.04187e-05 -0.110371 0.97807 0.176628
77 -0.916206 -0.031247 -0.399488
88 0.989731 0.0919179 0.109469
1
19.999 20 -0.0113623 -0.0019552 0.0164201 0.735255 -0.657536 0.164461
4 7.43453e-05 0.735255 -0.657536 0.164461
16 7.43453e-05 -0.735255 0.657536 -0.164461
77 -0.557645 -0.724768 -0.404652
78 0.645106 0.753326 0.127822
1
19.999 20 -0.0113538 -0.000713482 0.0164064 0.436704 -0.893577 0.103968
4 0.00012419 0.436704 -0.893577 0.103968
9 0.00012419 -0.436704 0.893577 -0.103968
78 -0.875243 -0.448745 -0.180493
79 0.891021 0.445566 0.0869009
1
19.999 20 -0.00108796 -0.000713482 0.0176861 -0.96637 -0.2336 -0.107522
4 0.000475058 -0.96637 -0.2336 -0.107522
12 0.000475058 0.96637 0.2336 0.107522
79 -0.225581 0.970794 -0.08169
80 0.230954 -0.972275 0.0366123
1
19.999 20 -0.00217259 0.00150588 0.0174279 0.992319 -1.68795e-08 0.123704
12 0.000517289 0.992319 -1.68795e-08 0.123704
9 0.000517289 -0.992319 1.68795e-08 -0.123704
79 -0.00677887 -0.998497 0.054378
81 0.0135098 0.994019 -0.108371
1
19.999 20 -0.00108013 -0.0019552 0.0177002 -0.988201 -0.105138 -0.111377
4 0.000464959 -0.988201 -0.105138 -0.111377
19 0.000464959 0.988201 0.105138 0.111377
80 -0.103289 0.994402 -0.022253
88 0.123653 -0.976758 -0.175082
1
19.999 20 0.00810104 0.000264162 0.0187218 0.00630758 -0.999915 0.01138
19 6.20942e-05 0.00630758 -0.999915 0.01138
12 6.20942e-05 -0.00630758 0.999915 -0.01138
80 -0.993617 -0.00754886 -0.112557
85 0.998537 0.00690924 0.0536294
1
19.999 20 0.00801207 0.00273637 0.0185613 0.0653392 -0.990877 0.117874
12 6.20942e-05 0.0653392 -0.990877 0.117874
5 6.20942e-05 -0.0653392 0.990877 -0.117874
81 -0.990321 -0.0788875 -0.114198
84 0.995762 0.0724061 0.0566979
1
19.999 20 -0.00225373 0.00273637 0.0172815 0.986777 0.119221 0.109811
5 0.000516083 0.986777 0.119221 0.109811
9 0.000516083 -0.986777 -0.119221 -0.109811
81 0.105597 -0.986836 0.122487
82 -0.103929 0.985273 -0.135778
1
19.999 20 -0.00216505 0.00396686 0.0171396 0.992116 0 0.125323
5 0.000508835 0.992116 0 0.125323
3 0.000508835 -0.992116 -0 -0.125323
82 -0.0153685 -0.992452 0.121665
83 0.0195648 0.987739 -0.154885
1
19.999 20 0.000743252 0.00550744 0.0172625 0.965994 -0.207047 0.154879
5 0.000372054 0.965994 -0.207047 0.154879
18 0.000372054 -0.965994 0.207047 -0.154879
83 -0.227088 -0.965782 0.125282
90 0.241316 0.937035 -0.252452
1
19.999 20 -0.00935272 0.00550744 0.0159872 0.883061 0.467773 0.0373156
18 0.00016468 0.883061 0.467773 0.0373156
3 0.00016468 -0.883061 -0.467773 -0.0373156
83 0.452539 -0.869938 0.195999
99 -0.389624 0.775199 -0.497252
1
19.999 20 0.0422015 0.00528773 0.020441 -0.992644 -0.110062 -0.0504463
12 0.00171814 -0.992644 -0.110062 -0.0504463
30 0.00171814 0.992644 0.110062 0.0504463
84 -0.103386 0.987389 -0.119895
85 0.109337 -0.993861 0.0169164
1
19.999 20 0.0421204 0.00651822 0.0202947 0.995732 0.0743057 0.0547462
30 0.00171689 0.995732 0.0743057 0.0547462
5 0.00171689 -0.995732 -0.0743057 -0.0547462
84 0.0674405 -0.990714 0.118055
92 -0.0576227 0.963846 -0.260155
1
19.999 20 0.0422094 0.00404602 0.0204552 -0.988094 -0.145563 -0.0498171
19 0.00172565 -0.988094 -0.145563 -0.0498171
30 0.00172565 0.988094 0.145563 0.0498171
85 -0.144798 0.989285 -0.0186496
86 0.148883 -0.986294 -0.0711247
1
19.999 20 0.0426858 -0.0163369 0.0188675 -0.913886 0.405956 -0.00347883
19 0.00189185 -0.913886 0.405956 -0.00347883
39 0.00189185 0.913886 -0.405956 0.00347883
86 0.404116 0.910497 0.0876694
87 -0.396372 -0.894099 -0.208509
1
19.999 20 0.0767863 -0.0113133 0.0205868 0.0232989 -0.99671 -0.0776341
39 0.00102256 0.0232989 -0.99671 -0.0776341
30 0.00102256 -0.0232989 0.99671 0.0776341
86 -0.999042 -0.0203345 -0.0387584
93 0.994052 0.0313605 -0.104296
1
19.999 20 -0.000946763 -0.00313701 0.0174868 0.964086 0.229902 0.13298
19 0.000469672 0.964086 0.229902 0.13298
10 0.000469672 -0.964086 -0.229902 -0.13298
87 0.2499 -0.954781 -0.161067
88 -0.249742 0.955109 0.15936
1
19.9989 20 0.0336302 -0.0184964 0.0176184 -0.95672 0.289431 -0.0302743
10 0.00228044 -0.95672 0.289431 -0.0302743
39 0.00228044 0.95672 -0.289431 0.0302743
87 0.277319 0.938297 0.206621
89 -0.264839 -0.909072 -0.321633
1
19.9989 20 0.0338389 -0.0196387 0.0172845 -0.962848 0.267355 -0.03802
17 0.00225509 -0.962848 0.267355 -0.03802
39 0.00225509 0.962848 -0.267355 0.03802
89 0.241619 0.915789 0.320859
94 -0.215384 -0.845232 -0.489074
1
19.999 20 0.0153967 0.0160538 0.015569 -0.51527 -0.834217 0.196416
5 0.000724485 -0.51527 -0.834217 0.196416
42 0.000724485 0.51527 0.834217 -0.196416
90 -0.852062 0.474013 -0.22204
91 0.852131 -0.474225 0.221322
1
19.999 20 0.00820899 0.0175944 0.0144166 0.808094 0.581603 -0.0933894
42 0.00090671 0.808094 0.581603 -0.0933894
18 0.00090671 -0.808094 -0.581603 0.0933894
90 0.581748 -0.763086 0.281548
96 -0.554829 0.698263 -0.452321
1
19.999 20 0.0359703 0.023149 0.0154118 -0.822138 -0.562437 0.0880526
5 0.00170536 -0.822138 -0.562437 0.0880526
23 0.00170536 0.822138 0.562437 -0.0880526
91 -0.562055 0.777349 -0.282528
92 0.564664 -0.785976 0.251784
1
19.999 20 0.043436 0.0352359 0.0125659 0.945337 0.326016 -0.00722327
23 0.00108822 0.945337 0.326016 -0.00722327
42 0.00108822 -0.945337 -0.326016 0.00722327
91 0.313406 -0.902208 0.296305
103 -0.227284 0.642839 -0.731506
1
19.999 20 0.0701597 0.0257004 0.0172916 0.334398 -0.904263 0.265494
30 0.000919622 0.334398 -0.904263 0.265494
23 0.000919622 -0.334398 0.904263 -0.265494
92 -0.939777 -0.341083 0.0219622
100 0.934594 0.28193 -0.216907
1
19.999 20 0.0923619 -0.0121466 0.0188417 -0.611248 -0.791414 0.00637489
39 0.00123517 -0.611248 -0.791414 0.00637489
53 0.00123517 0.611248 0.791414 -0.00637489
93 -0.78415 0.606689 0.130525
102 0.723987 -0.562389 -0.399451
1
19.999 20 0.0918855 0.0082363 0.0204293 0.99238 -0.0530919 -0.111187
53 0.0007848 0.99238 -0.0530919 -0.111187
30 0.0007848 -0.99238 0.0530919 0.111187
93 -0.0608426 -0.995861 -0.0675143
100 0.0143262 0.946 -0.32385
1
19.999 20 0.00546632 -0.0178155 0.0129739 -0.818656 0.556656 0.141194
17 0.000919318 -0.818656 0.556656 0.141194
52 0.000919318 0.818656 -0.556656 -0.141194
94 0.550276 0.69001 0.470193
95 -0.541348 -0.665952 -0.513275
1
19.999 20 0.0488902 -0.0298731 0.0146885 -0.986666 0.0634025 -0.149903
52 0.00143787 -0.986666 0.0634025 -0.149903
39 0.00143787 0.986666 -0.0634025 0.149903
94 -0.0141973 0.883969 0.467329
142 0.126809 -0.277902 -0.952203
1
19.999 20 0.00471935 -0.0248156 0.0086982 -0.974409 0.199481 -0.103604
41 0.000810702 -0.974409 0.199481 -0.103604
52 0.000810702 0.974409 -0.199481 0.103604
95 0.117335 0.844522 0.522509
144 -0.012601 -0.508662 -0.860874
1
19.999 20 0.0084703 0.0186087 0.0139984 0.831456 0.550684 -0.0736748
42 0.000865518 0.831456 0.550684 -0.0736748
11 0.000865518 -0.831456 -0.550684 0.0736748
96 0.519169 -0.722868 0.455988
97 -0.508027 0.69988 -0.502072
1
19.999 20 -0.00618311 0.00806234 0.0156919 0.231695 0.899354 -0.370784
11 5.63945e-05 0.231695 0.899354 -0.370784
18 5.63945e-05 -0.231695 -0.899354 0.370784
96 0.952304 -0.131887 0.275177
99 -0.937018 0.103919 -0.333463
1
19.999 20 0.0061061 0.0252357 0.00988107 0.971824 0.168486 0.164833
42 0.000862148 0.971824 0.168486 0.164833
32 0.000862148 -0.971824 -0.168486 -0.164833
97 0.0701127 -0.874297 0.480301
103 -0.000676962 0.701308 -0.712858
1
19.999 20 -0.00828599 0.0157037 0.0111563 -0.290005 0.812905 -0.505057
32 0.000407633 -0.290005 0.812905 -0.505057
11 0.000407633 0.290005 -0.812905 0.505057
97 0.930016 0.363871 0.0516435
98 -0.917768 -0.385828 -0.0940173
1
19.999 20 -0.00909141 0.00652176 0.015569 -0.776522 -0.625923 0.0723419
3 0.0002041 -0.776522 -0.625923 0.0723419
11 0.0002041 0.776522 0.625923 -0.0723419
98 -0.568676 0.64676 -0.508242
99 0.573257 -0.654157 0.493412
1
19.999 20 0.0857354 0.0248671 0.0155465 0.774514 -0.622588 0.111859
53 0.00140261 0.774514 -0.622588 0.111859
23 0.00140261 -0.774514 0.622588 -0.111859
100 -0.620667 -0.713853 0.324325
101 0.595607 0.658227 -0.460423
1
19.999 20 0.102247 0.021772 0.0130464 0.320041 -0.881947 0.34604
53 0.000814661 0.320041 -0.881947 0.34604
54 0.000814661 -0.320041 0.881947 -0.34604
101 -0.922953 -0.207795 0.324006
151 0.19422 -0.296417 -0.935102
1
19.999 20 0.0805211 0.0392361 0.00990866 0.972175 -0.182231 -0.147202
54 0.000849245 0.972175 -0.182231 -0.147202
23 0.000849245 -0.972175 0.182231 0.147202
101 -0.0980198 -0.887165 0.450922
129 -0.205047 -0.358099 -0.91089
1
19.999 20 0.0885046 -0.0322156 0.0149437 -0.939777 0.0434155 0.33902
39 0.000598144 -0.939777 0.0434155 0.33902
40 0.000598144 0.939777 -0.0434155 -0.33902
102 0.121344 0.969665 0.212192
139 -0.339452 -0.234332 -0.910967
1
19.999 20 0.103604 -0.012666 0.0147862 -0.185403 -0.964636 -0.18736
40 0.00104029 -0.185403 -0.964636 -0.18736
53 0.00104029 0.185403 0.964636 0.18736
102 -0.929004 0.10992 0.353369
158 0.54354 0.0581716 -0.837365
1
19.999 20 0.0266797 0.0323309 0.00972387 0.963618 0.258142 0.0693061
23 0.00193706 0.963618 0.258142 0.0693061
32 0.00193706 -0.963618 -0.258142 -0.0693061
103 0.127933 -0.67312 0.728383
104 -0.0407487 0.398151 -0.916414
1
19.999 20 0.0320313 0.0354971 0.00626138 0.961083 0.20539 0.184754
23 0.00166375 0.961083 0.20539 0.184754
25 0.00166375 -0.961083 -0.20539 -0.184754
104 -0.0817326 -0.427432 0.900345
124 0.258548 -0.43313 -0.863453
1
19.999 20 -0.00529867 0.0254969 0.00357651 0.751927 0.444881 -0.486505
25 0.000355871 0.751927 0.444881 -0.486505
32 0.000355871 -0.751927 -0.444881 0.486505
104 0.603306 -0.166874 0.779855
159 -0.395509 -0.285985 -0.872803
1
19.999 20 -0.0143206 0.0114419 -0.00448155 0.30864 0.922513 -0.231756
46 0.000544553 0.30864 0.922513 -0.231756
6 0.000544553 -0.30864 -0.922513 0.231756
105 -0.522527 0.368034 0.769101
106 0.718564 -0.385777 -0.578656
1
19.999 20 -0.0143394 0.0103545 -0.00448257 0.28389 0.935149 -0.211901
46 0.000595338 0.28389 0.935149 -0.211901
13 0.000595338 -0.28389 -0.935149 0.211901
106 -0.728696 0.35405 0.586218
107 0.762937 -0.35416 -0.54083
1
19.999 20 -0.0105763 -0.000442601 -0.00704512 -0.0174637 0.999846 0.00180645
46 0.00109678 -0.0174637 0.999846 0.00180645
38 0.00109678 0.0174637 -0.999846 -0.00180645
107 -0.81399 -0.0152666 0.580678
108 0.948893 0.0171431 -0.315132
1
19.999 20 0.0105251 0.0169803 -0.0140986 -0.931278 0.195417 0.307464
46 0.00115355 -0.931278 0.195417 0.307464
47 0.00115355 0.931278 -0.195417 -0.307464
108 -0.184631 -0.980716 0.06409
121 0.336675 0.784077 0.521414
1
19.999 20 0.0109081 -0.00495084 -0.0141383 0.746711 0.61654 -0.249602
47 0.00141303 0.746711 0.61654 -0.249602
38 0.00141303 -0.746711 -0.61654 0.249602
108 -0.586346 0.787313 0.190621
109 0.627004 -0.777701 -0.0452444
1
19.999 20 0.0450523 -0.00319597 -0.0221756 -0.639039 0.767663 0.0482018
47 0.00102055 -0.639039 0.767663 0.0482018
29 0.00102055 0.639039 -0.767663 -0.0482018
109 -0.73695 -0.629012 0.247483
110 0.768401 0.634331 0.0847591
1
19.999 20 0.0239509 -0.0206188 -0.0151221 0.97218 0.0499661 -0.228845
29 0.00175615 0.97218 0.0499661 -0.228845
38 0.00175615 -0.97218 -0.0499661 0.228845
109 -0.0765968 0.991086 -0.109004
117 0.16182 -0.849633 0.501934
1
19.999 20 0.0486664 0.00941121 -0.0208939 -0.98338 0.180703 -0.0175854
47 0.000846963 -0.98338 0.180703 -0.0175854
35 0.000846963 0.98338 -0.180703 0.0175854
110 -0.178216 -0.979241 -0.096572
111 0.172047 0.958425 0.227645
1
19.999 20 0.0617092 -0.00625679 -0.0218777 0.274265 0.956723 0.0972621
35 0.000658906 0.274265 0.956723 0.0972621
29 0.000658906 -0.274265 -0.956723 -0.0972621
110 -0.961005 0.27639 -0.00882295
112 0.947267 -0.286206 0.144123
1
19.999 20 0.061367 0.0197278 -0.0177738 -0.964647 -0.238415 -0.112311
47 0.00152175 -0.964647 -0.238415 -0.112311
22 0.00152175 0.964647 0.238415 0.112311
111 0.256941 -0.945601 -0.19955
119 -0.255049 0.737202 0.625686
1
19.999 20 0.0780239 0.016667 -0.0174759 0.762455 0.619336 0.187311
22 0.000832919 0.762455 0.619336 0.187311
35 0.000832919 -0.762455 -0.619336 -0.187311
111 -0.644304 0.753321 0.13183
113 0.618906 -0.78251 0.0680643
1
19.999 20 0.0735466 -0.011594 -0.0201609 -0.416503 0.908867 -0.0220394
35 0.000987234 -0.416503 0.908867 -0.0220394
43 0.000987234 0.416503 -0.908867 0.0220394
112 -0.893792 -0.413789 -0.172957
113 0.889377 0.412359 0.197406
1
19.999 20 0.0699325 -0.0242012 -0.0214426 0.903758 -0.407482 0.131074
43 0.000654934 0.903758 -0.407482 0.131074
29 0.000654934 -0.903758 0.407482 -0.131074
112 0.394489 0.911748 0.114428
118 -0.423352 -0.805695 0.414281
1
19.999 20 0.0862473 -0.00127738 -0.0170408 0.155791 0.983362 0.0934266
22 0.00143703 0.155791 0.983362 0.0934266
43 0.00143703 -0.155791 -0.983362 -0.0934266
113 -0.969513 0.170333 -0.176156
114 0.932741 -0.177583 0.313782
1
19.999 20 0.09927 0.0133805 -0.01197 -0.526173 0.837593 -0.146903
22 0.000812081 -0.526173 0.837593 -0.146903
21 0.000812081 0.526173 -0.837593 0.146903
114 -0.78549 -0.544902 -0.293406
147 0.457977 0.424672 0.780968
1
19.999 20 0.0947927 -0.0148806 -0.014655 0.643025 0.723759 0.250382
21 0.00101267 0.643025 0.723759 0.250382
43 0.00101267 -0.643025 -0.723759 -0.250382
114 -0.693193 0.689029 -0.211477
115 0.627276 -0.6853 0.369984
1
19.999 20 0.104951 -0.0136553 -0.0097797 0.208558 0.977906 0.0142384
21 0.000686835 0.208558 0.977906 0.0142384
49 0.000686835 -0.208558 -0.977906 -0.0142384
115 -0.873507 0.192801 -0.447005
116 0.68834 -0.157113 0.708169
1
19.999 20 0.091928 -0.0283131 -0.0148505 0.89626 0.10811 0.430152
49 0.000566718 0.89626 0.10811 0.430152
43 0.000566718 -0.89626 -0.10811 -0.430152
115 -0.0616561 0.990791 -0.120549
146 -0.185376 -0.789759 0.584736
1
19.999 20 0.107886 -0.000241039 -0.00951102 -0.6839 0.177245 -0.707719
21 5.16441e-06 -0.6839 0.177245 -0.707719
20 5.16441e-06 0.6839 -0.177245 0.707719
116 -0.22223 -0.974553 -0.0293221
147 -0.135148 0.922475 0.361629
1
19.999 20 0.105021 -0.0136736 -0.0097066 0.213728 0.976697 0.0195623
20 0.000686748 0.213728 0.976697 0.0195623
49 0.000686748 -0.213728 -0.976697 -0.0195623
116 -0.686749 0.164461 -0.708046
157 0.158857 -0.0545067 0.985796
1
19.999 20 0.0680122 -0.027342 -0.0198079 -0.736199 0.629373 -0.248799
29 0.000673567 -0.736199 0.629373 -0.248799
24 0.000673567 0.736199 -0.629373 0.248799
117 -0.655798 -0.572635 0.491953
118 0.673798 0.647256 -0.356449
1
19.9989 20 0.033868 -0.0290969 -0.0117706 0.98314 -0.150015 -0.104555
24 0.00224096 0.98314 -0.150015 -0.104555
38 0.00224096 -0.98314 0.150015 0.104555
117 0.0701634 0.83751 -0.541899
131 0.0164013 -0.497142 0.867514
1
19.999 20 0.0798496 -0.0326792 -0.0180911 0.476748 0.779754 -0.405827
43 0.000201411 0.476748 0.779754 -0.405827
24 0.000201411 -0.476748 -0.779754 0.405827
118 -0.8768 0.454758 -0.156257
146 0.781565 -0.164703 0.601689
1
19.999 20 0.027484 0.0193976 -0.0151199 0.44099 -0.674867 -0.591678
47 0.000513134 0.44099 -0.674867 -0.591678
33 0.000513134 -0.44099 0.674867 0.591678
119 0.894927 0.380639 0.232852
120 -0.890912 -0.408959 -0.197558
1
19.999 20 0.0568415 0.0266534 -0.0117019 -0.9969 -0.00971511 0.0780822
33 0.00169951 -0.9969 -0.00971511 0.0780822
22 0.00169951 0.9969 0.00971511 -0.0780822
119 -0.0418949 -0.774453 -0.631243
122 0.0533939 0.645377 0.761995
1
19.999 20 0.0233233 0.0190789 -0.0147897 0.686521 -0.522173 -0.505989
47 0.000632659 0.686521 -0.522173 -0.505989
45 0.000632659 -0.686521 0.522173 0.505989
120 0.718916 0.591648 0.364846
121 -0.713789 -0.616585 -0.332156
1
19.999 20 0.0187978 0.0260045 -0.00871784 -0.993972 -0.0761541 0.0788719
45 0.000209308 -0.993972 -0.0761541 0.0788719
33 0.000209308 0.993972 0.0761541 -0.0788719
120 0.0110238 -0.785167 -0.619186
125 0.0314968 0.490722 0.870747
1
19.999 20 0.00183884 0.0235871 -0.00769659 -0.985423 -0.161585 0.0532125
46 0.000649408 -0.985423 -0.161585 0.0532125
45 0.000649408 0.985423 0.161585 -0.0532125
121 0.0972023 -0.791496 -0.603395
126 -0.0479427 0.563887 0.82446
1
19.999 20 0.0538818 0.0278221 -0.0100544 -0.9983 -0.0483867 0.0324907
33 0.00154888 -0.9983 -0.0483867 0.0324907
27 0.00154888 0.9983 0.0483867 -0.0324907
122 0.00628338 -0.643565 -0.765365
123 0.00233054 0.523878 0.85179
1
19.999 20 0.0877649 0.0281523 -0.0127083 -0.825982 0.326138 0.45977
27 0.00017917 -0.825982 0.326138 0.45977
22 0.00017917 0.825982 -0.326138 -0.45977
122 -0.560883 -0.556891 -0.612603
128 0.555512 0.332467 0.762149
1
19.999 20 0.0434841 0.0343272 0.00168037 -0.837632 -0.326634 -0.437816
33 0.00122528 -0.837632 -0.326634 -0.437816
23 0.00122528 0.837632 0.326634 0.437816
123 0.543066 -0.41176 -0.731801
124 -0.537599 0.350998 0.766673
1
19.999 20 0.0744074 0.035826 0.00067394 -0.61255 0.383227 0.691317
23 0.000848771 -0.61255 0.383227 0.691317
27 0.000848771 0.61255 -0.383227 -0.691317
123 -0.788359 -0.359508 -0.499244
127 0.787337 0.2185 0.576506
1
19.999 20 0.0115057 0.0274932 -0.00446699 0.924332 -0.094425 -0.369723
33 0.00061955 0.924332 -0.094425 -0.369723
25 0.00061955 -0.924332 0.094425 0.369723
124 0.368699 0.470717 0.801553
125 -0.366751 -0.487403 -0.792422
1
19.999 20 0.00734495 0.0271744 -0.00413683 0.850794 -0.173696 -0.495962
45 0.000428568 0.850794 -0.173696 -0.495962
25 0.000428568 -0.850794 0.173696 0.495962
125 0.514782 0.465119 0.720184
126 -0.499596 -0.560015 -0.660899
1
19.999 20 -0.00545325 0.0250758 -0.00344574 -0.736719 -0.479985 -0.476297
46 0.000373709 -0.736719 -0.479985 -0.476297
25 0.000373709 0.736719 0.479985 0.476297
126 0.656112 -0.337003 -0.675237
159 -0.423153 -0.222162 0.8784
1
19.999 20 0.0768863 0.0368678 0.00321853 -0.769369 0.326426 0.549106
23 0.000836876 -0.769369 0.326426 0.549106
50 0.000836876 0.769369 -0.326426 -0.549106
127 -0.634957 -0.296577 -0.713352
129 0.628713 0.234747 0.741359
1
19.999 20 0.0872841 0.0303627 -0.00851628 0.669601 0.281418 0.687342
50 0.000185113 0.669601 0.281418 0.687342
27 0.000185113 -0.669601 -0.281418 -0.687342
127 -0.739365 0.340441 0.580895
128 0.736532 -0.370821 -0.565696
1
19.999 20 0.0902438 0.0291941 -0.0101637 -0.100929 0.464045 0.880043
50 0.000238185 -0.100929 0.464045 0.880043
22 0.000238185 0.100929 -0.464045 -0.880043
128 -0.990267 0.0383464 -0.13379
130 0.968294 -0.157356 0.194024
1
19.999 20 0.0933978 0.0337728 0.000718438 0.455853 0.297014 0.839036
54 0.0003987 0.455853 0.297014 0.839036
50 0.0003987 -0.455853 -0.297014 -0.839036
129 -0.882734 0.271527 0.383475
130 0.860178 -0.389207 -0.329563
1
19.999 20 0.0938786 0.0315624 -0.00347361 0.258098 0.374683 0.890504
54 0.000611042 0.258098 0.374683 0.890504
22 0.000611042 -0.258098 -0.374683 -0.890504
130 -0.93866 0.315443 0.139331
148 0.540543 -0.819965 0.188337
1
19.999 20 0.038991 -0.0322476 -0.00817086 0.974187 -0.0893796 -0.207295
24 0.0019986 0.974187 -0.0893796 -0.207295
37 0.0019986 -0.974187 0.0893796 0.207295
131 -0.133738 0.51127 -0.84895
132 0.190038 -0.170919 0.966784
1
19.999 20 -0.00507023 -0.0255244 -0.00348501 0.730889 -0.449502 0.513566
37 0.000350482 0.730889 -0.449502 0.513566
38 0.000350482 -0.730889 0.449502 -0.513566
131 0.657208 0.260597 -0.707225
160 -0.428817 0.282953 0.857935
1
19.999 20 0.0721272 -0.0361137 -0.00986959 0.660622 0.0334259 -0.749975
24 0.00043916 0.660622 0.0334259 -0.749975
31 0.00043916 -0.660622 -0.0334259 0.749975
132 -0.741036 0.188969 -0.644326
133 0.749475 -0.0868647 0.65631
1
19.999 20 0.0331889 -0.0325412 -0.00158401 0.991977 -0.115736 -0.0508539
31 0.00167029 0.991977 -0.115736 -0.0508539
37 0.00167029 -0.991977 0.115736 0.0508539
132 -0.0326327 0.154206 -0.9875
141 0.078015 0.243926 0.966651
1
19.999 20 0.0788389 -0.0364031 -0.0098878 -0.136645 0.0875817 -0.986741
24 0.000332862 -0.136645 0.0875817 -0.986741
36 0.000332862 0.136645 -0.0875817 0.986741
133 -0.989692 0.0310399 0.139808
134 0.989294 0.0635827 -0.131355
1
19.999 20 0.0730368 -0.0366967 -0.00330095 0.999068 -0.0430861 -0.00271063
36 0.000335915 0.999068 -0.0430861 -0.00271063
31 0.000335915 -0.999068 0.0430861 0.00271063
133 0.00083878 0.0821486 -0.99662
140 0.0123561 0.225219 0.97423
1
19.999 20 0.0813276 -0.0360867 -0.0118501 -0.593037 0.0465255 -0.80383
24 0.000286536 -0.593037 0.0465255 -0.80383
51 0.000286536 0.593037 -0.0465255 0.80383
134 -0.803535 -0.0978784 0.587155
138 0.750568 0.393333 -0.530977
1
19.999 20 0.0822373 -0.0366697 -0.00528151 0.781374 0.0993419 -0.616106
51 0.000159262 0.781374 0.0993419 -0.616106
36 0.000159262 -0.781374 -0.0993419 0.616106
134 -0.621943 0.0426391 -0.781901
135 0.600756 0.147554 0.785697
1
19.999 20 0.0922363 -0.0345442 0.0018222 -0.630536 -0.151892 -0.761153
51 0.000595577 -0.630536 -0.151892 -0.761153
40 0.000595577 0.630536 0.151892 0.761153
135 -0.757435 -0.0936952 0.646153
136 0.725993 0.231428 -0.647592
1
19.999 20 0.0897475 -0.0348606 0.00378454 0.803241 0.170753 0.570655
40 0.000622448 0.803241 0.170753 0.570655
36 0.000622448 -0.803241 -0.170753 -0.570655
135 0.571077 0.0515971 -0.819273
139 -0.594313 0.165479 0.787026
1
19.999 20 0.0935227 -0.0341087 -1.05156e-05 -0.757828 -0.193372 -0.623141
51 0.000580422 -0.757828 -0.193372 -0.623141
44 0.000580422 0.757828 0.193372 0.623141
136 -0.591864 -0.198189 0.781292
137 0.560356 0.296328 -0.773428
1
19.999 20 0.101033 -0.0322995 0.00905553 0.56397 0.190901 -0.803427
44 0.000114062 0.56397 0.190901 -0.803427
40 0.000114062 -0.56397 -0.190901 0.803427
136 -0.778677 -0.201004 -0.594357
158 0.109361 0.947078 0.3018
1
19.999 20 0.0886955 -0.0348199 -0.00817461 -0.911277 -0.35202 0.213672
51 0.000217812 -0.911277 -0.35202 0.213672
26 0.000217812 0.911277 0.35202 -0.213672
137 0.240908 -0.0349089 0.96992
138 -0.290525 0.181863 -0.939426
1
19.999 20 0.0974923 -0.0325753 -0.000941277 -0.507537 -0.0747797 -0.858379
26 0.000475577 -0.507537 -0.0747797 -0.858379
44 0.000475577 0.507537 0.0747797 0.858379
137 -0.794087 -0.346055 0.499671
143 0.687851 0.564805 -0.455913
1
19.999 20 0.0852972 -0.0345533 -0.0127809 -0.88443 -0.152064 -0.441204
24 0.000416555 -0.88443 -0.152064 -0.441204
26 0.000416555 0.88443 0.152064 0.441204
138 -0.3643 -0.365914 0.856383
145 0.223167 0.692502 -0.686031
1
19.999 20 0.0785056 -0.0343412 0.00783999 -0.107744 0.229287 0.967377
39 0.000576803 -0.107744 0.229287 0.967377
36 0.000576803 0.107744 -0.229287 -0.967377
139 0.993398 0.063385 0.0956185
140 -0.993329 0.0153905 -0.114282
1
19.999 20 0.0717939 -0.0340518 0.0078582 0.432922 0.186464 0.881935
39 0.000631651 0.432922 0.186464 0.881935
31 0.000631651 -0.432922 -0.186464 -0.881935
140 0.900479 -0.13442 -0.413605
141 -0.896139 0.194892 0.398689
1
19.999 20 0.0386578 -0.0301857 0.00955693 0.970667 -0.0379817 0.237411
39 0.00198868 0.970667 -0.0379817 0.237411
37 0.00198868 -0.970667 0.0379817 -0.237411
141 0.219012 -0.267728 -0.938273
142 -0.217466 0.282444 0.934309
1
19.999 20 0.0102852 -0.0283625 0.00524633 0.893555 0.0272988 0.448122
52 0.000572598 0.893555 0.0272988 0.448122
37 0.000572598 -0.893555 -0.0272988 -0.448122
142 0.43675 -0.28399 -0.85358
144 -0.388993 0.545424 0.742426
1
19.999 20 0.0973755 -0.0301872 -0.00954033 -0.832913 -0.548034 0.0769089
26 0.000282785 -0.832913 -0.548034 0.0769089
49 0.000282785 0.832913 0.548034 -0.0769089
143 0.192342 -0.156369 0.96879
145 -0.371187 0.450165 -0.81214
1
19.999 20 0.102203 -0.0294759 -0.00137623 -0.0130809 0.267569 -0.96345
49 0.000446286 -0.0130809 0.267569 -0.96345
44 0.000446286 0.0130809 -0.267569 0.96345
143 -0.854586 -0.503247 -0.128159
156 0.254099 0.932791 0.255605
1
19.999 20 -0.0055131 -0.0251283 0.00356658 -0.747286 0.476207 0.463455
41 0.000372424 -0.747286 0.476207 0.463455
37 0.000372424 0.747286 -0.476207 -0.463455
144 0.625272 0.267826 0.73301
160 -0.399527 0.235321 -0.886004
1
19.999 20 0.0900076 -0.0314539 -0.0132159 -0.911863 -0.329625 -0.244649
24 0.000662324 -0.911863 -0.329625 -0.244649
49 0.000662324 0.911863 0.329625 0.244649
145 0.0182157 -0.627892 0.778088
146 -0.0789238 0.725648 -0.683525
1
19.999 20 0.0993407 0.0133621 -0.0118969 -0.528458 0.835456 -0.150815
22 0.000815253 -0.528458 0.835456 -0.150815
20 0.000815253 0.528458 -0.835456 0.150815
147 -0.455333 -0.42886 -0.780225
148 0.28124 0.339897 0.897427
1
19.999 20 0.102495 0.0179409 -0.00101468 -0.262785 0.875624 0.405248
54 0.00103932 -0.262785 0.875624 0.405248
20 0.00103932 0.262785 -0.875624 -0.405248
148 -0.537638 0.215873 -0.815073
149 0.299303 -0.325312 0.896989
1
19.999 20 0.102826 0.021416 0.00771968 -0.366061 0.930383 -0.0196575
54 0.000791385 -0.366061 0.930383 -0.0196575
28 0.000791385 0.366061 -0.930383 0.0196575
149 -0.156869 -0.082514 -0.984166
151 -0.0780615 -0.00965047 0.996902
1
19.999 20 0.108288 0.00321578 -0.000703563 0.0352444 0.369452 0.928581
28 0.000470331 0.0352444 0.369452 0.928581
20 0.000470331 -0.0352444 -0.369452 -0.928581
149 -0.396062 0.85824 -0.326434
150 0.342107 -0.877482 0.336137
1
19.999 20 0.109094 0.00317197 0.00401617 -0.0885275 0.656566 0.749055
28 0.000267993 -0.0885275 0.656566 0.749055
48 0.000267993 0.0885275 -0.656566 -0.749055
150 -0.332215 0.689487 -0.643616
152 -0.0610334 -0.75417 0.653837
1
19.999 20 0.108763 -0.000303154 -0.0047182 0.168325 -0.00914912 0.985689
48 0.000239425 0.168325 -0.00914912 0.985689
20 0.000239425 -0.168325 0.00914912 -0.985689
150 -0.299836 0.9521 0.0600401
157 -0.205478 -0.978316 0.0260087
1
19.999 20 0.10804 0.00704695 0.0133575 -0.107891 0.0663051 0.991949
53 0.00026851 -0.107891 0.0663051 0.991949
28 0.00026851 0.107891 -0.0663051 -0.991949
151 -0.357729 0.928351 -0.100963
152 0.00514454 -0.997723 0.0672506
1
19.999 20 0.108515 0.00352802 0.00934287 -0.103644 0.381099 0.918706
53 0.000508421 -0.103644 0.381099 0.918706
48 0.000508421 0.103644 -0.381099 -0.918706
152 0.0296246 0.924454 -0.380141
153 -0.204775 -0.912069 0.355244
1
19.999 20 0.106864 -0.00336378 0.0125927 0.048171 0.869346 0.491851
53 0.000619278 0.048171 0.869346 0.491851
34 0.000619278 -0.048171 -0.869346 -0.491851
153 0.224755 0.470361 -0.853373
154 -0.322989 -0.45241 0.831266
1
19.999 20 0.107918 -0.00723877 0.00325132 -0.211695 -0.883986 0.416838
34 0.000389834 -0.211695 -0.883986 0.416838
48 0.000389834 0.211695 0.883986 -0.416838
153 -0.088984 0.442166 0.892508
155 -0.0541355 -0.415244 -0.908098
1
19.999 20 0.10489 -0.0122305 0.0129535 0.124712 0.95245 0.278004
53 0.00103074 0.124712 0.95245 0.278004
44 0.00103074 -0.124712 -0.95245 -0.278004
154 0.302118 0.230433 -0.925
158 -0.560493 -0.163573 0.811845
1
19.999 20 0.104294 -0.0229973 0.00686197 -0.217158 -0.975329 0.0396934
44 0.000454574 -0.217158 -0.975329 0.0396934
34 0.000454574 0.217158 0.975329 -0.0396934
154 -0.244393 0.0936931 0.965139
155 0.0306804 -0.0474634 -0.998402
1
19.999 20 0.105944 -0.0161055 0.00361218 -0.21877 -0.95113 0.217926
44 0.000828453 -0.21877 -0.95113 0.217926
48 0.000828453 0.21877 0.95113 -0.217926
155 0.0087983 0.221404 0.975143
156 -0.128511 -0.193306 -0.972686
1
19.999 20 0.105827 -0.0137174 -0.00498687 -0.253602 -0.906286 -0.338129
49 0.000737685 -0.253602 -0.906286 -0.338129
48 0.000737685 0.253602 0.906286 0.338129
156 -0.00854151 -0.347445 0.937662
157 -0.0807681 0.368175 -0.926242
